1024
-0.964940
-0.929903
-0.897011
-0.864016
-0.832073
-0.801208
-0.770842
-0.741244
-0.712319
-0.684216
-0.656284
-0.629581
-0.603531
-0.578181
-0.552860
-0.528344
-0.504897
-0.481463
-0.458931
-0.436314
-0.414960
-0.393578
-0.372625
-0.352212
-0.332128
-0.312815
-0.293569
-0.275098
-0.256892
-0.239232
-0.221682
-0.204251
-0.187708
-0.171206
-0.155187
-0.139181
-0.123670
-0.108616
-0.093693
-0.079122
-0.065002
-0.051018
-0.037265
-0.023840
-0.010652
0.002516
0.014898
0.027715
0.039762
0.051791
0.063765
0.075342
0.086817
0.097828
0.108837
0.119832
0.130165
0.140705
0.150847
0.161030
0.170879
0.180532
0.190180
0.199593
0.208785
0.217936
0.226743
0.235586
0.244093
0.252593
0.260902
0.269130
0.277146
0.285142
0.293001
0.300612
0.308314
0.315638
0.322986
0.330293
0.337412
0.344333
0.351288
0.358110
0.364816
0.371364
0.377981
0.384399
0.390604
0.396834
0.402931
0.408939
0.414936
0.420755
0.426572
0.432230
0.437865
0.443386
0.448759
0.454181
0.459393
0.464617
0.469840
0.474842
0.479856
0.484784
0.489709
0.494471
0.499165
0.503870
0.508453
0.513032
0.517511
0.521918
0.526320
0.530631
0.534829
0.539095
0.543234
0.547290
0.551430
0.555427
0.559290
0.563226
0.567058
0.570891
0.574625
0.578294
0.581953
0.585514
0.589056
0.592610
0.596060
0.599529
0.602896
0.606265
0.609547
0.612830
0.616038
0.619227
0.622401
0.625516
0.628594
0.631643
0.634659
0.637637
0.640557
0.643465
0.646358
0.649184
0.652003
0.654757
0.657488
0.660195
0.662929
0.665592
0.668173
0.670798
0.673347
0.675832
0.678369
0.680839
0.683295
0.685756
0.688122
0.690488
0.692846
0.695166
0.697446
0.699728
0.702012
0.704227
0.706438
0.708627
0.710783
0.712969
0.715073
0.717183
0.719278
0.721304
0.723346
0.725365
0.727327
0.729307
0.731269
0.733206
0.735109
0.736989
0.738874
0.740740
0.742569
0.744387
0.746164
0.747947
0.749724
0.751461
0.753194
0.754925
0.756635
0.758311
0.759963
0.761649
0.763266
0.764887
0.766501
0.768059
0.769653
0.771189
0.772732
0.774293
0.775817
0.777312
0.778803
0.780286
0.781740
0.783168
0.784589
0.786008
0.787430
0.788831
0.790214
0.791577
0.792940
0.794297
0.795633
0.796950
0.798258
0.799563
0.800848
0.802121
0.803373
0.804628
0.805887
0.807121
0.808345
0.809552
0.810747
0.811934
0.813118
0.814297
0.815459
0.816611
0.817755
0.818883
0.820006
0.821112
0.822217
0.823320
0.824408
0.825473
0.826537
0.827600
0.828652
0.829698
0.830724
0.831742
0.832757
0.833771
0.834776
0.835778
0.836757
0.837729
0.838698
0.839666
0.840616
0.841557
0.842491
0.843420
0.844342
0.845255
0.846166
0.847068
0.847971
0.848861
0.849751
0.850623
0.851488
0.852347
0.853199
0.854051
0.854894
0.855738
0.856564
0.857383
0.858198
0.858997
0.859797
0.860595
0.861394
0.862185
0.862953
0.863721
0.864486
0.865248
0.866010
0.866761
0.867513
0.868257
0.868985
0.869714
0.870437
0.871155
0.871874
0.872580
0.873283
0.873986
0.874683
0.875379
0.876073
0.876747
0.877420
0.878092
0.878751
0.879410
0.880068
0.880715
0.881363
0.882010
0.882643
0.883277
0.883911
0.884534
0.885155
0.885777
0.886387
0.886991
0.887595
0.888195
0.888788
0.889382
0.889975
0.890551
0.891127
0.891703
0.892274
0.892840
0.893406
0.893972
0.894524
0.895076
0.895628
0.896175
0.896712
0.897249
0.897786
0.898315
0.898840
0.899365
0.899890
0.900405
0.900917
0.901430
0.901942
0.902444
0.902944
0.903444
0.903944
0.904433
0.904921
0.905409
0.905897
0.906374
0.906848
0.907322
0.907797
0.908263
0.908724
0.909184
0.909645
0.910103
0.910553
0.911003
0.911454
0.911904
0.912343
0.912778
0.913214
0.913649
0.914083
0.914507
0.914931
0.915356
0.915780
0.916199
0.916613
0.917026
0.917439
0.917852
0.918256
0.918655
0.919054
0.919454
0.919853
0.920246
0.920635
0.921025
0.921415
0.921804
0.922187
0.922564
0.922941
0.923317
0.923694
0.924068
0.924434
0.924799
0.925165
0.925530
0.925895
0.926252
0.926606
0.926960
0.927313
0.927667
0.928020
0.928363
0.928706
0.929048
0.929391
0.929734
0.930074
0.930403
0.930732
0.931062
0.931391
0.931720
0.932048
0.932368
0.932687
0.933007
0.933327
0.933646
0.933966
0.934276
0.934585
0.934895
0.935204
0.935513
0.935823
0.936128
0.936427
0.936726
0.937025
0.937324
0.937623
0.937922
0.938213
0.938500
0.938787
0.939074
0.939362
0.939649
0.939936
0.940216
0.940493
0.940770
0.941048
0.941325
0.941602
0.941880
0.942150
0.942416
0.942681
0.942947
0.943213
0.943478
0.943743
0.944009
0.944265
0.944521
0.944777
0.945034
0.945290
0.945546
0.945802
0.946056
0.946302
0.946548
0.946794
0.947040
0.947287
0.947533
0.947779
0.948024
0.948259
0.948494
0.948729
0.948964
0.949199
0.949434
0.949669
0.949904
0.950133
0.950358
0.950583
0.950808
0.951034
0.951259
0.951484
0.951709
0.951934
0.952153
0.952370
0.952586
0.952802
0.953019
0.953235
0.953452
0.953668
0.953884
0.954096
0.954303
0.954509
0.954715
0.954922
0.955128
0.955335
0.955541
0.955748
0.955954
0.956153
0.956351
0.956548
0.956745
0.956942
0.957139
0.957337
0.957534
0.957731
0.957928
0.958119
0.958307
0.958494
0.958682
0.958869
0.959056
0.959244
0.959431
0.959619
0.959806
0.959994
0.960172
0.960350
0.960528
0.960707
0.960885
0.961063
0.961241
0.961420
0.961598
0.961776
0.961954
0.962126
0.962296
0.962465
0.962635
0.962804
0.962974
0.963143
0.963313
0.963482
0.963652
0.963822
0.963991
0.964152
0.964312
0.964473
0.964633
0.964793
0.964954
0.965114
0.965274
0.965435
0.965595
0.965755
0.965916
0.966072
0.966224
0.966376
0.966527
0.966679
0.966831
0.966983
0.967134
0.967286
0.967438
0.967590
0.967742
0.967893
0.968043
0.968186
0.968329
0.968472
0.968615
0.968758
0.968901
0.969044
0.969187
0.969330
0.969473
0.969616
0.969759
0.969902
0.970042
0.970177
0.970312
0.970447
0.970582
0.970717
0.970852
0.970987
0.971122
0.971257
0.971392
0.971527
0.971661
0.971796
0.971931
0.972062
0.972189
0.972315
0.972442
0.972569
0.972695
0.972822
0.972949
0.973075
0.973202
0.973328
0.973455
0.973582
0.973708
0.973835
0.973962
0.974082
0.974201
0.974319
0.974438
0.974556
0.974675
0.974793
0.974911
0.975030
0.975148
0.975267
0.975385
0.975503
0.975622
0.975740
0.975859
0.975977
0.976089
0.976200
0.976311
0.976422
0.976533
0.976644
0.976755
0.976866
0.976977
0.977088
0.977199
0.977310
0.977421
0.977532
0.977643
0.977754
0.977865
0.977975
0.978080
0.978183
0.978286
0.978389
0.978492
0.978594
0.978697
0.978800
0.978903
0.979006
0.979109
0.979211
0.979314
0.979417
0.979520
0.979623
0.979726
0.979829
0.979931
0.980032
0.980127
0.980223
0.980319
0.980414
0.980510
0.980605
0.980701
0.980796
0.980892
0.980987
0.981083
0.981179
0.981274
0.981370
0.981465
0.981561
0.981656
0.981752
0.981847
0.981943
0.982036
0.982124
0.982212
0.982300
0.982388
0.982476
0.982564
0.982652
0.982740
0.982828
0.982916
0.983005
0.983093
0.983181
0.983269
0.983357
0.983445
0.983533
0.983621
0.983709
0.983797
0.983886
0.983974
0.984057
0.984138
0.984219
0.984300
0.984381
0.984462
0.984543
0.984624
0.984705
0.984786
0.984867
0.984948
0.985029
0.985110
0.985191
0.985272
0.985353
0.985434
0.985515
0.985596
0.985677
0.985758
0.985839
0.985920
0.986001
0.986075
0.986150
0.986224
0.986298
0.986372
0.986446
0.986521
0.986595
0.986669
0.986743
0.986817
0.986892
0.986966
0.987040
0.987114
0.987188
0.987262
0.987337
0.987411
0.987485
0.987559
0.987633
0.987707
0.987782
0.987856
0.987930
0.988004
0.988071
0.988139
0.988206
0.988274
0.988341
0.988409
0.988477
0.988544
0.988611
0.988679
0.988747
0.988814
0.988882
0.988949
0.989017
0.989084
0.989152
0.989219
0.989287
0.989354
0.989422
0.989489
0.989557
0.989624
0.989692
0.989759
0.989827
0.989894
0.989962
0.990027
0.990088
0.990149
0.990210
0.990271
0.990332
0.990393
0.990454
0.990515
0.990576
0.990637
0.990698
0.990759
0.990820
0.990881
0.990942
0.991003
0.991064
0.991125
0.991186
0.991247
0.991308
0.991369
0.991430
0.991491
0.991552
0.991613
0.991674
0.991735
0.991796
0.991857
0.991917
0.991979
0.992035
0.992090
0.992145
0.992200
0.992254
0.992309
0.992364
0.992418
0.992473
0.992528
0.992583
0.992637
0.992692
0.992747
0.992801
0.992856
0.992911
0.992966
0.993020
0.993075
0.993130
0.993184
0.993239
0.993294
0.993349
0.993403
0.993458
0.993513
0.993567
0.993622
0.993677
0.993732
0.993786
0.993841
0.993896
0.993950
0.994005
0.994053
0.994102
0.994151
0.994200
0.994248
0.994297
0.994346
0.994395
0.994443
0.994492
0.994541
0.994590
0.994638
0.994687
0.994736
0.994785
0.994833
0.994882
0.994931
0.994980
0.995028
0.995077
0.995126
0.995175
0.995223
0.995272
0.995321
0.995370
0.995418
0.995467
0.995516
0.995564
0.995613
0.995662
0.995711
0.995759
0.995808
0.995857
0.995906
0.995955
0.996003
0.996046
0.996089
0.996132
0.996175
0.996217
0.996260
0.996303
0.996346
0.996389
0.996432
0.996475
0.996518
0.996561
0.996604
0.996647
0.996690
0.996733
0.996776
0.996819
0.996861
0.996904
0.996947
0.996990
0.997033
0.997076
0.997119
0.997162
0.997205
0.997248
0.997291
0.997334
0.997377
0.997420
0.997463
0.997505
0.997548
0.997591
0.997634
0.997677
0.997720
0.997763
0.997806
0.997849
0.997892
0.997935
0.997978
0.998018
0.998055
0.998093
0.998130
0.998168
0.998205
0.998242
0.998280
0.998317
0.998355
0.998392
0.998429
0.998467
0.998504
0.998542
0.998579
0.998616
0.998654
0.998691
0.998729
0.998766
0.998803
0.998841
0.998878
0.998916
0.998953
0.998990
0.999028
0.999065
0.999103
0.999140
0.999177
0.999215
0.999252
0.999290
0.999327
0.999364
0.999402
0.999439
0.999477
0.999514
0.999551
0.999589
0.999626
0.999664
0.999701
0.999738
0.999776
0.999813
0.999851
0.999888
0.999925
0.999963
1.000000
