1024
-0.964962
-0.929945
-0.896889
-0.863893
-0.831904
-0.800875
-0.770532
-0.740781
-0.711869
-0.683838
-0.655886
-0.629243
-0.603213
-0.577805
-0.552561
-0.527868
-0.504515
-0.481164
-0.458501
-0.435833
-0.414528
-0.393211
-0.372411
-0.351924
-0.331946
-0.312639
-0.293450
-0.274928
-0.256577
-0.238927
-0.221287
-0.203998
-0.187496
-0.171021
-0.155009
-0.139009
-0.123558
-0.108566
-0.093654
-0.079098
-0.064851
-0.050836
-0.037085
-0.023644
-0.010436
0.002753
0.015140
0.027963
0.039995
0.051978
0.063962
0.075560
0.086967
0.097982
0.108976
0.119980
0.130312
0.140834
0.150962
0.161117
0.170950
0.180591
0.190204
0.199633
0.208798
0.217949
0.226844
0.235734
0.244268
0.252777
0.261022
0.269283
0.277269
0.285239
0.293108
0.300766
0.308466
0.315790
0.323124
0.330451
0.337566
0.344440
0.351401
0.358188
0.364897
0.371419
0.378017
0.384407
0.390606
0.396816
0.402927
0.408936
0.414944
0.420788
0.426617
0.432252
0.437883
0.443398
0.448801
0.454232
0.459447
0.464682
0.469911
0.474919
0.479920
0.484849
0.489765
0.494527
0.499212
0.503926
0.508504
0.513068
0.517523
0.521927
0.526325
0.530639
0.534861
0.539118
0.543250
0.547292
0.551414
0.555421
0.559298
0.563225
0.567057
0.570882
0.574617
0.578284
0.581945
0.585502
0.589056
0.592616
0.596047
0.599517
0.602888
0.606259
0.609549
0.612853
0.616051
0.619251
0.622422
0.625536
0.628600
0.631646
0.634662
0.637643
0.640568
0.643476
0.646369
0.649202
0.652021
0.654773
0.657502
0.660206
0.662944
0.665607
0.668189
0.670823
0.673381
0.675868
0.678408
0.680868
0.683329
0.685793
0.688168
0.690538
0.692910
0.695234
0.697518
0.699807
0.702099
0.704310
0.706516
0.708695
0.710861
0.713035
0.715129
0.717233
0.719322
0.721346
0.723391
0.725415
0.727374
0.729354
0.731314
0.733253
0.735157
0.737040
0.738923
0.740781
0.742607
0.744424
0.746198
0.747980
0.749761
0.751493
0.753220
0.754950
0.756661
0.758336
0.759976
0.761657
0.763272
0.764894
0.766510
0.768071
0.769673
0.771211
0.772750
0.774300
0.775821
0.777311
0.778797
0.780278
0.781736
0.783165
0.784589
0.786013
0.787434
0.788838
0.790225
0.791589
0.792952
0.794307
0.795641
0.796953
0.798257
0.799565
0.800853
0.802130
0.803385
0.804641
0.805895
0.807128
0.808351
0.809559
0.810751
0.811935
0.813118
0.814296
0.815459
0.816612
0.817755
0.818880
0.820001
0.821105
0.822209
0.823316
0.824407
0.825473
0.826540
0.827608
0.828663
0.829712
0.830737
0.831754
0.832770
0.833785
0.834788
0.835788
0.836764
0.837733
0.838703
0.839673
0.840623
0.841564
0.842497
0.843423
0.844345
0.845260
0.846172
0.847075
0.847978
0.848866
0.849753
0.850624
0.851489
0.852349
0.853202
0.854054
0.854896
0.855737
0.856564
0.857384
0.858199
0.858999
0.859798
0.860598
0.861398
0.862190
0.862960
0.863730
0.864495
0.865257
0.866019
0.866773
0.867527
0.868271
0.868997
0.869723
0.870445
0.871165
0.871884
0.872590
0.873292
0.873995
0.874690
0.875385
0.876078
0.876751
0.877424
0.878096
0.878755
0.879415
0.880073
0.880719
0.881366
0.882012
0.882646
0.883279
0.883913
0.884536
0.885157
0.885778
0.886389
0.886994
0.887598
0.888199
0.888791
0.889383
0.889976
0.890552
0.891128
0.891704
0.892275
0.892843
0.893410
0.893977
0.894529
0.895080
0.895631
0.896178
0.896715
0.897251
0.897788
0.898318
0.898842
0.899366
0.899891
0.900405
0.900916
0.901427
0.901938
0.902440
0.902940
0.903440
0.903940
0.904430
0.904919
0.905407
0.905896
0.906373
0.906848
0.907322
0.907797
0.908263
0.908724
0.909185
0.909645
0.910104
0.910554
0.911005
0.911456
0.911907
0.912345
0.912781
0.913216
0.913651
0.914085
0.914508
0.914932
0.915356
0.915780
0.916198
0.916612
0.917026
0.917439
0.917853
0.918257
0.918657
0.919057
0.919456
0.919856
0.920249
0.920639
0.921029
0.921419
0.921809
0.922193
0.922569
0.922946
0.923322
0.923699
0.924073
0.924439
0.924805
0.925171
0.925536
0.925902
0.926259
0.926613
0.926966
0.927320
0.927674
0.928026
0.928368
0.928710
0.929052
0.929395
0.929737
0.930076
0.930406
0.930736
0.931066
0.931396
0.931727
0.932055
0.932375
0.932694
0.933014
0.933334
0.933654
0.933974
0.934284
0.934594
0.934903
0.935213
0.935522
0.935832
0.936137
0.936436
0.936735
0.937034
0.937333
0.937632
0.937931
0.938221
0.938508
0.938795
0.939082
0.939369
0.939656
0.939943
0.940222
0.940499
0.940776
0.941053
0.941330
0.941607
0.941885
0.942155
0.942421
0.942686
0.942952
0.943218
0.943483
0.943749
0.944014
0.944270
0.944526
0.944782
0.945038
0.945294
0.945551
0.945807
0.946060
0.946306
0.946553
0.946799
0.947045
0.947291
0.947537
0.947783
0.948028
0.948263
0.948498
0.948734
0.948969
0.949204
0.949440
0.949675
0.949910
0.950139
0.950365
0.950590
0.950815
0.951041
0.951266
0.951491
0.951717
0.951942
0.952161
0.952377
0.952594
0.952810
0.953026
0.953243
0.953459
0.953676
0.953892
0.954103
0.954310
0.954516
0.954722
0.954929
0.955135
0.955342
0.955548
0.955754
0.955961
0.956159
0.956356
0.956553
0.956751
0.956947
0.957144
0.957341
0.957538
0.957735
0.957932
0.958123
0.958310
0.958498
0.958685
0.958872
0.959059
0.959247
0.959434
0.959621
0.959808
0.959996
0.960174
0.960352
0.960531
0.960709
0.960887
0.961065
0.961244
0.961422
0.961600
0.961778
0.961957
0.962128
0.962298
0.962467
0.962637
0.962806
0.962976
0.963145
0.963314
0.963484
0.963653
0.963823
0.963992
0.964153
0.964313
0.964474
0.964634
0.964794
0.964955
0.965115
0.965275
0.965436
0.965596
0.965756
0.965917
0.966073
0.966224
0.966376
0.966528
0.966679
0.966831
0.966983
0.967134
0.967286
0.967438
0.967589
0.967741
0.967893
0.968042
0.968185
0.968328
0.968471
0.968615
0.968758
0.968901
0.969044
0.969187
0.969330
0.969473
0.969617
0.969760
0.969903
0.970044
0.970178
0.970313
0.970448
0.970583
0.970718
0.970852
0.970987
0.971122
0.971257
0.971392
0.971526
0.971661
0.971796
0.971931
0.972062
0.972188
0.972315
0.972442
0.972569
0.972695
0.972822
0.972949
0.973075
0.973202
0.973329
0.973455
0.973582
0.973709
0.973835
0.973962
0.974083
0.974202
0.974320
0.974439
0.974557
0.974676
0.974794
0.974913
0.975031
0.975150
0.975268
0.975387
0.975505
0.975624
0.975742
0.975861
0.975980
0.976092
0.976202
0.976313
0.976424
0.976534
0.976645
0.976756
0.976867
0.976977
0.977088
0.977199
0.977310
0.977420
0.977531
0.977642
0.977753
0.977863
0.977974
0.978079
0.978182
0.978284
0.978387
0.978490
0.978593
0.978696
0.978799
0.978902
0.979005
0.979108
0.979211
0.979314
0.979417
0.979519
0.979622
0.979725
0.979828
0.979931
0.980032
0.980127
0.980223
0.980318
0.980414
0.980509
0.980605
0.980700
0.980796
0.980891
0.980987
0.981082
0.981178
0.981273
0.981369
0.981464
0.981560
0.981655
0.981751
0.981846
0.981942
0.982035
0.982123
0.982211
0.982299
0.982387
0.982475
0.982563
0.982652
0.982740
0.982828
0.982916
0.983004
0.983092
0.983181
0.983269
0.983357
0.983445
0.983533
0.983621
0.983709
0.983798
0.983886
0.983974
0.984057
0.984138
0.984219
0.984301
0.984382
0.984463
0.984544
0.984625
0.984706
0.984787
0.984869
0.984950
0.985031
0.985112
0.985193
0.985274
0.985355
0.985437
0.985518
0.985599
0.985680
0.985761
0.985842
0.985923
0.986004
0.986078
0.986152
0.986226
0.986301
0.986375
0.986449
0.986523
0.986597
0.986671
0.986745
0.986819
0.986893
0.986968
0.987042
0.987116
0.987190
0.987264
0.987338
0.987412
0.987486
0.987560
0.987634
0.987709
0.987783
0.987857
0.987931
0.988005
0.988072
0.988140
0.988207
0.988275
0.988342
0.988410
0.988477
0.988545
0.988612
0.988680
0.988748
0.988815
0.988883
0.988950
0.989018
0.989085
0.989153
0.989220
0.989288
0.989355
0.989423
0.989491
0.989558
0.989626
0.989693
0.989761
0.989828
0.989896
0.989963
0.990028
0.990089
0.990150
0.990211
0.990272
0.990333
0.990394
0.990455
0.990516
0.990577
0.990638
0.990699
0.990760
0.990821
0.990882
0.990943
0.991004
0.991065
0.991126
0.991187
0.991248
0.991309
0.991370
0.991431
0.991492
0.991553
0.991614
0.991675
0.991736
0.991797
0.991858
0.991919
0.991980
0.992037
0.992092
0.992147
0.992201
0.992256
0.992311
0.992366
0.992420
0.992475
0.992530
0.992584
0.992639
0.992694
0.992749
0.992803
0.992858
0.992913
0.992968
0.993022
0.993077
0.993132
0.993187
0.993241
0.993296
0.993351
0.993406
0.993460
0.993515
0.993570
0.993625
0.993679
0.993734
0.993789
0.993844
0.993898
0.993953
0.994007
0.994056
0.994104
0.994153
0.994202
0.994251
0.994299
0.994348
0.994397
0.994446
0.994494
0.994543
0.994592
0.994640
0.994689
0.994738
0.994787
0.994835
0.994884
0.994933
0.994982
0.995030
0.995079
0.995128
0.995177
0.995225
0.995274
0.995323
0.995372
0.995420
0.995469
0.995518
0.995567
0.995615
0.995664
0.995713
0.995762
0.995810
0.995859
0.995908
0.995957
0.996005
0.996048
0.996091
0.996133
0.996176
0.996219
0.996262
0.996305
0.996348
0.996391
0.996434
0.996477
0.996520
0.996563
0.996606
0.996649
0.996691
0.996734
0.996777
0.996820
0.996863
0.996906
0.996949
0.996992
0.997035
0.997078
0.997121
0.997164
0.997207
0.997249
0.997292
0.997335
0.997378
0.997421
0.997464
0.997507
0.997550
0.997593
0.997636
0.997679
0.997722
0.997765
0.997808
0.997850
0.997893
0.997936
0.997979
0.998019
0.998057
0.998094
0.998132
0.998169
0.998206
0.998244
0.998281
0.998318
0.998356
0.998393
0.998430
0.998468
0.998505
0.998543
0.998580
0.998617
0.998655
0.998692
0.998729
0.998767
0.998804
0.998842
0.998879
0.998916
0.998954
0.998991
0.999028
0.999066
0.999103
0.999141
0.999178
0.999215
0.999253
0.999290
0.999327
0.999365
0.999402
0.999440
0.999477
0.999514
0.999552
0.999589
0.999626
0.999664
0.999701
0.999739
0.999776
0.999813
0.999851
0.999888
0.999925
0.999963
1.000000
