1024
-0.971053
-0.941886
-0.913977
-0.885773
-0.858647
-0.832522
-0.806622
-0.781118
-0.756317
-0.731580
-0.708096
-0.684008
-0.661326
-0.638851
-0.616542
-0.595052
-0.573728
-0.553080
-0.532918
-0.512870
-0.493908
-0.474377
-0.455625
-0.436799
-0.418751
-0.401104
-0.383731
-0.366489
-0.349640
-0.333015
-0.316596
-0.300586
-0.284888
-0.269246
-0.254341
-0.239573
-0.225003
-0.210721
-0.196370
-0.182730
-0.169153
-0.155637
-0.142620
-0.129935
-0.117150
-0.104719
-0.092347
-0.080267
-0.068351
-0.056362
-0.044944
-0.033449
-0.022196
-0.011247
-0.000335
0.010250
0.020658
0.030833
0.041189
0.051268
0.061033
0.070750
0.080431
0.089855
0.098880
0.108005
0.117174
0.126021
0.134989
0.143596
0.152242
0.160562
0.169108
0.177173
0.185224
0.193073
0.200966
0.208633
0.216321
0.223871
0.231212
0.238469
0.245607
0.252730
0.259604
0.266397
0.273247
0.279975
0.286632
0.293193
0.299607
0.305975
0.312441
0.318563
0.324745
0.330750
0.336756
0.342530
0.348341
0.354151
0.359743
0.365364
0.370906
0.376255
0.381778
0.387105
0.392309
0.397510
0.402617
0.407804
0.412758
0.417680
0.422606
0.427425
0.432280
0.436925
0.441571
0.446312
0.450727
0.455290
0.459746
0.464194
0.468454
0.472878
0.477008
0.481279
0.485432
0.489532
0.493538
0.497548
0.501567
0.505448
0.509330
0.513127
0.516895
0.520652
0.524419
0.528086
0.531747
0.535300
0.538843
0.542348
0.545861
0.549250
0.552730
0.556098
0.559365
0.562707
0.565899
0.569202
0.572369
0.575479
0.578570
0.581658
0.584723
0.587766
0.590767
0.593755
0.596683
0.599609
0.602505
0.605358
0.608166
0.610952
0.613745
0.616439
0.619170
0.621841
0.624506
0.627125
0.629747
0.632316
0.634870
0.637431
0.639922
0.642364
0.644819
0.647277
0.649648
0.652000
0.654361
0.656722
0.659031
0.661305
0.663593
0.665810
0.668082
0.670296
0.672504
0.674682
0.676820
0.678943
0.681063
0.683144
0.685198
0.687260
0.689322
0.691336
0.693342
0.695348
0.697306
0.699249
0.701198
0.703146
0.705059
0.706938
0.708800
0.710642
0.712471
0.714295
0.716120
0.717903
0.719685
0.721454
0.723193
0.724903
0.726606
0.728312
0.729992
0.731682
0.733329
0.734972
0.736601
0.738199
0.739801
0.741400
0.742976
0.744537
0.746094
0.747615
0.749136
0.750652
0.752160
0.753643
0.755098
0.756546
0.757997
0.759449
0.760880
0.762295
0.763692
0.765079
0.766465
0.767851
0.769223
0.770573
0.771898
0.773234
0.774559
0.775869
0.777174
0.778466
0.779739
0.781000
0.782260
0.783522
0.784766
0.785999
0.787230
0.788448
0.789645
0.790837
0.792027
0.793194
0.794360
0.795522
0.796669
0.797806
0.798960
0.800111
0.801210
0.802308
0.803406
0.804501
0.805594
0.806670
0.807736
0.808802
0.809870
0.810921
0.811969
0.812986
0.814002
0.815021
0.816038
0.817040
0.818041
0.819026
0.820011
0.820976
0.821941
0.822899
0.823856
0.824809
0.825761
0.826697
0.827628
0.828548
0.829461
0.830371
0.831275
0.832177
0.833065
0.833953
0.834830
0.835707
0.836566
0.837416
0.838266
0.839116
0.839966
0.840803
0.841639
0.842468
0.843290
0.844110
0.844919
0.845729
0.846526
0.847318
0.848109
0.848893
0.849677
0.850454
0.851224
0.851995
0.852748
0.853502
0.854253
0.854999
0.855745
0.856481
0.857212
0.857943
0.858662
0.859381
0.860098
0.860803
0.861508
0.862207
0.862894
0.863582
0.864266
0.864947
0.865628
0.866303
0.866972
0.867641
0.868301
0.868951
0.869601
0.870247
0.870889
0.871531
0.872169
0.872798
0.873426
0.874054
0.874672
0.875289
0.875907
0.876517
0.877126
0.877735
0.878335
0.878929
0.879522
0.880113
0.880693
0.881273
0.881853
0.882422
0.882988
0.883554
0.884117
0.884674
0.885231
0.885787
0.886338
0.886886
0.887433
0.887981
0.888515
0.889050
0.889583
0.890115
0.890640
0.891165
0.891689
0.892209
0.892723
0.893237
0.893750
0.894258
0.894759
0.895260
0.895762
0.896257
0.896747
0.897236
0.897726
0.898209
0.898685
0.899161
0.899637
0.900110
0.900574
0.901039
0.901504
0.901968
0.902424
0.902879
0.903333
0.903788
0.904237
0.904680
0.905124
0.905568
0.906012
0.906448
0.906885
0.907322
0.907759
0.908188
0.908608
0.909027
0.909447
0.909866
0.910281
0.910695
0.911108
0.911521
0.911934
0.912338
0.912741
0.913144
0.913546
0.913949
0.914343
0.914735
0.915128
0.915520
0.915912
0.916295
0.916674
0.917053
0.917433
0.917812
0.918187
0.918556
0.918925
0.919294
0.919664
0.920032
0.920393
0.920753
0.921113
0.921474
0.921834
0.922189
0.922539
0.922889
0.923239
0.923589
0.923939
0.924281
0.924621
0.924962
0.925303
0.925643
0.925984
0.926315
0.926646
0.926977
0.927308
0.927639
0.927970
0.928291
0.928612
0.928932
0.929253
0.929574
0.929894
0.930210
0.930523
0.930836
0.931149
0.931462
0.931774
0.932085
0.932388
0.932692
0.932995
0.933299
0.933602
0.933905
0.934202
0.934494
0.934787
0.935080
0.935373
0.935665
0.935958
0.936242
0.936524
0.936806
0.937088
0.937370
0.937653
0.937935
0.938211
0.938486
0.938761
0.939036
0.939310
0.939585
0.939860
0.940129
0.940393
0.940657
0.940920
0.941184
0.941448
0.941712
0.941975
0.942232
0.942488
0.942744
0.943000
0.943256
0.943512
0.943768
0.944023
0.944269
0.944516
0.944762
0.945008
0.945254
0.945500
0.945746
0.945992
0.946229
0.946466
0.946702
0.946939
0.947175
0.947412
0.947648
0.947885
0.948118
0.948346
0.948575
0.948804
0.949033
0.949262
0.949491
0.949720
0.949949
0.950172
0.950392
0.950612
0.950833
0.951053
0.951274
0.951494
0.951715
0.951935
0.952149
0.952361
0.952573
0.952784
0.952996
0.953208
0.953419
0.953631
0.953843
0.954052
0.954255
0.954458
0.954661
0.954864
0.955067
0.955269
0.955472
0.955675
0.955878
0.956078
0.956273
0.956469
0.956664
0.956860
0.957055
0.957250
0.957446
0.957641
0.957836
0.958030
0.958216
0.958403
0.958589
0.958775
0.958961
0.959148
0.959334
0.959520
0.959706
0.959893
0.960075
0.960254
0.960432
0.960611
0.960789
0.960968
0.961146
0.961325
0.961503
0.961681
0.961860
0.962037
0.962208
0.962378
0.962549
0.962720
0.962891
0.963061
0.963232
0.963403
0.963574
0.963744
0.963915
0.964082
0.964244
0.964406
0.964568
0.964731
0.964893
0.965055
0.965217
0.965379
0.965542
0.965704
0.965866
0.966027
0.966182
0.966337
0.966492
0.966647
0.966802
0.966957
0.967112
0.967267
0.967422
0.967577
0.967732
0.967887
0.968039
0.968187
0.968334
0.968481
0.968628
0.968775
0.968923
0.969070
0.969217
0.969364
0.969511
0.969658
0.969806
0.969953
0.970095
0.970235
0.970375
0.970515
0.970655
0.970795
0.970935
0.971075
0.971215
0.971355
0.971495
0.971635
0.971775
0.971915
0.972052
0.972185
0.972318
0.972451
0.972584
0.972717
0.972850
0.972983
0.973116
0.973249
0.973382
0.973514
0.973647
0.973780
0.973913
0.974043
0.974169
0.974295
0.974421
0.974546
0.974672
0.974798
0.974923
0.975049
0.975175
0.975300
0.975426
0.975552
0.975677
0.975803
0.975929
0.976052
0.976170
0.976289
0.976408
0.976526
0.976645
0.976763
0.976882
0.977001
0.977119
0.977238
0.977357
0.977475
0.977594
0.977713
0.977831
0.977950
0.978065
0.978176
0.978288
0.978399
0.978511
0.978623
0.978734
0.978846
0.978957
0.979069
0.979180
0.979292
0.979404
0.979515
0.979627
0.979738
0.979850
0.979962
0.980069
0.980174
0.980278
0.980383
0.980488
0.980592
0.980697
0.980802
0.980907
0.981011
0.981116
0.981221
0.981326
0.981430
0.981535
0.981640
0.981744
0.981849
0.981954
0.982055
0.982153
0.982251
0.982349
0.982447
0.982545
0.982644
0.982742
0.982840
0.982938
0.983036
0.983134
0.983232
0.983331
0.983429
0.983527
0.983625
0.983723
0.983821
0.983920
0.984016
0.984108
0.984200
0.984292
0.984384
0.984475
0.984567
0.984659
0.984751
0.984843
0.984935
0.985026
0.985118
0.985210
0.985302
0.985394
0.985485
0.985577
0.985669
0.985761
0.985853
0.985944
0.986034
0.986119
0.986204
0.986290
0.986375
0.986461
0.986546
0.986631
0.986717
0.986802
0.986887
0.986973
0.987058
0.987144
0.987229
0.987314
0.987400
0.987485
0.987570
0.987656
0.987741
0.987827
0.987912
0.987997
0.988077
0.988156
0.988235
0.988314
0.988393
0.988472
0.988551
0.988630
0.988709
0.988788
0.988867
0.988946
0.989025
0.989104
0.989183
0.989262
0.989341
0.989420
0.989499
0.989578
0.989657
0.989736
0.989815
0.989895
0.989974
0.990049
0.990122
0.990195
0.990268
0.990341
0.990414
0.990487
0.990560
0.990633
0.990706
0.990779
0.990852
0.990925
0.990998
0.991071
0.991144
0.991217
0.991290
0.991363
0.991436
0.991509
0.991582
0.991655
0.991728
0.991801
0.991874
0.991947
0.992018
0.992086
0.992153
0.992220
0.992288
0.992355
0.992422
0.992490
0.992557
0.992624
0.992692
0.992759
0.992826
0.992893
0.992961
0.993028
0.993095
0.993163
0.993230
0.993297
0.993365
0.993432
0.993499
0.993567
0.993634
0.993701
0.993769
0.993836
0.993903
0.993971
0.994035
0.994096
0.994158
0.994220
0.994281
0.994343
0.994404
0.994466
0.994528
0.994589
0.994651
0.994712
0.994774
0.994836
0.994897
0.994959
0.995021
0.995082
0.995144
0.995205
0.995267
0.995329
0.995390
0.995452
0.995513
0.995575
0.995637
0.995698
0.995760
0.995821
0.995883
0.995945
0.996006
0.996062
0.996118
0.996174
0.996230
0.996286
0.996342
0.996398
0.996454
0.996510
0.996566
0.996622
0.996679
0.996735
0.996791
0.996847
0.996903
0.996959
0.997015
0.997071
0.997127
0.997183
0.997239
0.997295
0.997351
0.997407
0.997463
0.997519
0.997576
0.997632
0.997688
0.997744
0.997800
0.997856
0.997912
0.997968
0.998022
0.998073
0.998123
0.998174
0.998225
0.998276
0.998326
0.998377
0.998428
0.998478
0.998529
0.998580
0.998631
0.998681
0.998732
0.998783
0.998834
0.998884
0.998935
0.998986
0.999036
0.999087
0.999138
0.999189
0.999239
0.999290
0.999341
0.999391
0.999442
0.999493
0.999544
0.999594
0.999645
0.999696
0.999747
0.999797
0.999848
0.999899
0.999949
1.000000
