1024
-0.964928
-0.929884
-0.896928
-0.863888
-0.832035
-0.800954
-0.770632
-0.741000
-0.711933
-0.683874
-0.655853
-0.629166
-0.603235
-0.577801
-0.552551
-0.527898
-0.504682
-0.481366
-0.458635
-0.435893
-0.414560
-0.393263
-0.372523
-0.351960
-0.331863
-0.312417
-0.293335
-0.274866
-0.256456
-0.238848
-0.221068
-0.203742
-0.187250
-0.170756
-0.154739
-0.138679
-0.123172
-0.108119
-0.093314
-0.078714
-0.064607
-0.050606
-0.036755
-0.023410
-0.010201
0.002974
0.015358
0.028122
0.040145
0.052108
0.064053
0.075716
0.087085
0.098060
0.109026
0.120075
0.130401
0.140933
0.151082
0.161224
0.171108
0.180821
0.190414
0.199822
0.208977
0.218118
0.226950
0.235793
0.244330
0.252822
0.261044
0.269338
0.277378
0.285436
0.293273
0.300960
0.308659
0.315999
0.323353
0.330667
0.337799
0.344648
0.351570
0.358354
0.365039
0.371503
0.378113
0.384538
0.390740
0.396935
0.403015
0.409017
0.415016
0.420825
0.426636
0.432285
0.437952
0.443451
0.448823
0.454256
0.459459
0.464689
0.469923
0.474934
0.479968
0.484909
0.489843
0.494638
0.499300
0.504016
0.508582
0.513155
0.517596
0.521964
0.526369
0.530674
0.534902
0.539158
0.543285
0.547352
0.551475
0.555482
0.559357
0.563290
0.567110
0.570934
0.574656
0.578322
0.581990
0.585552
0.589102
0.592669
0.596110
0.599568
0.602940
0.606299
0.609566
0.612877
0.616074
0.619285
0.622460
0.625588
0.628649
0.631705
0.634728
0.637729
0.640653
0.643562
0.646454
0.649287
0.652084
0.654834
0.657567
0.660258
0.663000
0.665671
0.668259
0.670902
0.673461
0.675942
0.678477
0.680932
0.683387
0.685850
0.688222
0.690604
0.692969
0.695291
0.697575
0.699868
0.702148
0.704358
0.706572
0.708747
0.710909
0.713084
0.715182
0.717287
0.719373
0.721396
0.723445
0.725470
0.727422
0.729400
0.731355
0.733292
0.735191
0.737069
0.738950
0.740808
0.742639
0.744455
0.746232
0.748010
0.749785
0.751521
0.753258
0.754988
0.756698
0.758374
0.760012
0.761696
0.763309
0.764934
0.766550
0.768113
0.769715
0.771255
0.772797
0.774346
0.775863
0.777359
0.778853
0.780339
0.781797
0.783225
0.784646
0.786066
0.787488
0.788886
0.790268
0.791631
0.792988
0.794337
0.795671
0.796986
0.798293
0.799602
0.800891
0.802167
0.803421
0.804676
0.805933
0.807163
0.808385
0.809594
0.810784
0.811966
0.813148
0.814325
0.815488
0.816638
0.817776
0.818900
0.820021
0.821125
0.822229
0.823330
0.824417
0.825484
0.826550
0.827617
0.828675
0.829728
0.830750
0.831762
0.832775
0.833787
0.834790
0.835791
0.836767
0.837736
0.838708
0.839681
0.840632
0.841573
0.842506
0.843431
0.844353
0.845268
0.846180
0.847083
0.847986
0.848872
0.849758
0.850626
0.851487
0.852345
0.853197
0.854049
0.854892
0.855734
0.856563
0.857385
0.858203
0.859005
0.859807
0.860608
0.861409
0.862201
0.862971
0.863741
0.864505
0.865268
0.866030
0.866782
0.867534
0.868277
0.869005
0.869732
0.870455
0.871173
0.871892
0.872599
0.873304
0.874009
0.874706
0.875403
0.876097
0.876773
0.877449
0.878122
0.878781
0.879440
0.880097
0.880742
0.881387
0.882030
0.882663
0.883295
0.883928
0.884550
0.885171
0.885792
0.886401
0.887004
0.887607
0.888206
0.888799
0.889391
0.889984
0.890561
0.891139
0.891716
0.892287
0.892854
0.893420
0.893987
0.894538
0.895090
0.895641
0.896187
0.896724
0.897261
0.897799
0.898327
0.898851
0.899374
0.899897
0.900411
0.900923
0.901434
0.901946
0.902447
0.902946
0.903445
0.903944
0.904435
0.904925
0.905415
0.905905
0.906382
0.906857
0.907332
0.907807
0.908273
0.908732
0.909192
0.909651
0.910108
0.910558
0.911008
0.911458
0.911908
0.912346
0.912781
0.913216
0.913651
0.914084
0.914509
0.914934
0.915358
0.915783
0.916202
0.916614
0.917027
0.917439
0.917851
0.918256
0.918655
0.919055
0.919455
0.919854
0.920248
0.920639
0.921029
0.921420
0.921810
0.922193
0.922570
0.922947
0.923324
0.923701
0.924076
0.924442
0.924808
0.925174
0.925540
0.925906
0.926262
0.926616
0.926970
0.927324
0.927677
0.928030
0.928373
0.928715
0.929057
0.929400
0.929742
0.930081
0.930411
0.930740
0.931069
0.931399
0.931728
0.932056
0.932376
0.932696
0.933015
0.933335
0.933655
0.933975
0.934285
0.934594
0.934904
0.935213
0.935522
0.935831
0.936136
0.936434
0.936733
0.937031
0.937330
0.937628
0.937927
0.938217
0.938504
0.938791
0.939079
0.939366
0.939653
0.939940
0.940219
0.940496
0.940773
0.941050
0.941326
0.941603
0.941880
0.942150
0.942416
0.942682
0.942948
0.943213
0.943479
0.943745
0.944010
0.944266
0.944521
0.944777
0.945033
0.945289
0.945544
0.945800
0.946054
0.946300
0.946545
0.946791
0.947037
0.947283
0.947529
0.947774
0.948019
0.948255
0.948490
0.948726
0.948961
0.949197
0.949432
0.949668
0.949903
0.950133
0.950358
0.950584
0.950809
0.951035
0.951260
0.951486
0.951711
0.951937
0.952155
0.952371
0.952587
0.952803
0.953019
0.953235
0.953451
0.953667
0.953883
0.954094
0.954301
0.954507
0.954714
0.954921
0.955127
0.955334
0.955541
0.955747
0.955954
0.956153
0.956350
0.956547
0.956743
0.956940
0.957137
0.957334
0.957530
0.957727
0.957924
0.958115
0.958302
0.958489
0.958676
0.958863
0.959050
0.959237
0.959424
0.959611
0.959798
0.959985
0.960164
0.960342
0.960520
0.960698
0.960876
0.961053
0.961231
0.961409
0.961587
0.961765
0.961943
0.962115
0.962285
0.962454
0.962623
0.962793
0.962962
0.963131
0.963301
0.963470
0.963639
0.963809
0.963978
0.964139
0.964300
0.964460
0.964620
0.964781
0.964941
0.965101
0.965261
0.965422
0.965582
0.965742
0.965903
0.966060
0.966211
0.966363
0.966515
0.966667
0.966818
0.966970
0.967122
0.967274
0.967425
0.967577
0.967729
0.967881
0.968031
0.968174
0.968317
0.968460
0.968604
0.968747
0.968890
0.969033
0.969177
0.969320
0.969463
0.969606
0.969750
0.969893
0.970034
0.970169
0.970303
0.970438
0.970573
0.970708
0.970842
0.970977
0.971112
0.971246
0.971381
0.971516
0.971651
0.971785
0.971920
0.972052
0.972178
0.972305
0.972432
0.972559
0.972686
0.972813
0.972939
0.973066
0.973193
0.973320
0.973446
0.973573
0.973700
0.973827
0.973954
0.974075
0.974194
0.974312
0.974430
0.974549
0.974667
0.974785
0.974904
0.975022
0.975141
0.975259
0.975377
0.975496
0.975614
0.975732
0.975851
0.975969
0.976082
0.976192
0.976303
0.976414
0.976525
0.976635
0.976746
0.976857
0.976968
0.977078
0.977189
0.977300
0.977410
0.977521
0.977632
0.977743
0.977853
0.977964
0.978069
0.978172
0.978275
0.978378
0.978480
0.978583
0.978686
0.978789
0.978892
0.978994
0.979097
0.979200
0.979303
0.979406
0.979508
0.979611
0.979714
0.979817
0.979919
0.980021
0.980116
0.980212
0.980307
0.980402
0.980498
0.980593
0.980689
0.980784
0.980880
0.980975
0.981071
0.981166
0.981262
0.981357
0.981453
0.981548
0.981643
0.981739
0.981834
0.981930
0.982023
0.982112
0.982200
0.982288
0.982376
0.982464
0.982552
0.982641
0.982729
0.982817
0.982905
0.982993
0.983082
0.983170
0.983258
0.983346
0.983434
0.983523
0.983611
0.983699
0.983787
0.983875
0.983963
0.984047
0.984129
0.984210
0.984291
0.984372
0.984453
0.984534
0.984615
0.984696
0.984777
0.984858
0.984939
0.985021
0.985102
0.985183
0.985264
0.985345
0.985426
0.985507
0.985588
0.985669
0.985750
0.985831
0.985913
0.985994
0.986068
0.986142
0.986217
0.986291
0.986365
0.986439
0.986513
0.986587
0.986661
0.986735
0.986809
0.986883
0.986957
0.987031
0.987105
0.987180
0.987254
0.987328
0.987402
0.987476
0.987550
0.987624
0.987698
0.987772
0.987846
0.987920
0.987994
0.988063
0.988130
0.988198
0.988265
0.988333
0.988400
0.988468
0.988535
0.988603
0.988671
0.988738
0.988806
0.988873
0.988941
0.989008
0.989076
0.989143
0.989211
0.989279
0.989346
0.989414
0.989481
0.989549
0.989616
0.989684
0.989752
0.989819
0.989887
0.989954
0.990020
0.990081
0.990142
0.990203
0.990264
0.990325
0.990386
0.990447
0.990508
0.990569
0.990630
0.990690
0.990752
0.990812
0.990873
0.990934
0.990995
0.991056
0.991117
0.991178
0.991239
0.991300
0.991361
0.991422
0.991483
0.991544
0.991605
0.991666
0.991727
0.991788
0.991849
0.991910
0.991971
0.992029
0.992084
0.992138
0.992193
0.992248
0.992303
0.992358
0.992412
0.992467
0.992522
0.992577
0.992632
0.992686
0.992741
0.992796
0.992851
0.992906
0.992960
0.993015
0.993070
0.993125
0.993180
0.993234
0.993289
0.993344
0.993399
0.993454
0.993508
0.993563
0.993618
0.993673
0.993728
0.993782
0.993837
0.993892
0.993947
0.994001
0.994050
0.994099
0.994148
0.994196
0.994245
0.994294
0.994343
0.994392
0.994440
0.994489
0.994538
0.994587
0.994635
0.994684
0.994733
0.994782
0.994830
0.994879
0.994928
0.994977
0.995026
0.995074
0.995123
0.995172
0.995221
0.995269
0.995318
0.995367
0.995416
0.995465
0.995513
0.995562
0.995611
0.995660
0.995708
0.995757
0.995806
0.995855
0.995903
0.995952
0.996001
0.996044
0.996087
0.996130
0.996173
0.996216
0.996259
0.996302
0.996345
0.996388
0.996431
0.996474
0.996517
0.996560
0.996603
0.996646
0.996688
0.996732
0.996774
0.996817
0.996860
0.996903
0.996946
0.996989
0.997032
0.997075
0.997118
0.997161
0.997204
0.997247
0.997290
0.997333
0.997376
0.997419
0.997462
0.997505
0.997548
0.997591
0.997634
0.997677
0.997720
0.997763
0.997806
0.997849
0.997892
0.997935
0.997978
0.998018
0.998056
0.998093
0.998130
0.998168
0.998205
0.998243
0.998280
0.998317
0.998355
0.998392
0.998430
0.998467
0.998504
0.998542
0.998579
0.998617
0.998654
0.998691
0.998729
0.998766
0.998803
0.998841
0.998878
0.998916
0.998953
0.998990
0.999028
0.999065
0.999103
0.999140
0.999177
0.999215
0.999252
0.999290
0.999327
0.999364
0.999402
0.999439
0.999477
0.999514
0.999551
0.999589
0.999626
0.999664
0.999701
0.999738
0.999776
0.999813
0.999851
0.999888
0.999925
0.999963
1.000000
