1024
-0.965078
-0.930116
-0.897077
-0.864000
-0.831900
-0.800817
-0.770535
-0.740912
-0.711821
-0.683880
-0.655939
-0.629214
-0.603217
-0.577711
-0.552424
-0.527665
-0.504380
-0.481080
-0.458368
-0.435670
-0.414380
-0.393079
-0.372318
-0.351674
-0.331724
-0.312421
-0.293334
-0.274844
-0.256470
-0.238906
-0.221112
-0.203879
-0.187366
-0.170943
-0.154894
-0.138874
-0.123425
-0.108410
-0.093537
-0.078888
-0.064682
-0.050725
-0.036918
-0.023486
-0.010348
0.002806
0.015144
0.027930
0.039986
0.051981
0.063935
0.075480
0.086912
0.097912
0.108868
0.119916
0.130268
0.140813
0.150992
0.161162
0.171091
0.180774
0.190379
0.199810
0.209002
0.218173
0.227044
0.235919
0.244417
0.252901
0.261149
0.269377
0.277384
0.285414
0.293262
0.300890
0.308552
0.315877
0.323204
0.330537
0.337632
0.344524
0.351471
0.358275
0.364960
0.371498
0.378085
0.384467
0.390670
0.396845
0.402946
0.408942
0.414945
0.420785
0.426559
0.432144
0.437780
0.443280
0.448672
0.454117
0.459338
0.464579
0.469781
0.474769
0.479770
0.484691
0.489612
0.494376
0.499063
0.503765
0.508339
0.512926
0.517394
0.521788
0.526172
0.530460
0.534708
0.538973
0.543098
0.547148
0.551281
0.555260
0.559133
0.563061
0.566869
0.570696
0.574439
0.578105
0.581761
0.585311
0.588858
0.592431
0.595875
0.599365
0.602740
0.606129
0.609414
0.612721
0.615917
0.619116
0.622307
0.625429
0.628514
0.631558
0.634577
0.637562
0.640487
0.643393
0.646301
0.649138
0.651956
0.654709
0.657433
0.660122
0.662863
0.665531
0.668113
0.670751
0.673311
0.675783
0.678327
0.680782
0.683243
0.685705
0.688086
0.690456
0.692817
0.695143
0.697427
0.699713
0.702001
0.704208
0.706410
0.708597
0.710751
0.712915
0.715007
0.717105
0.719198
0.721223
0.723258
0.725274
0.727234
0.729205
0.731170
0.733111
0.735018
0.736900
0.738785
0.740652
0.742483
0.744302
0.746078
0.747852
0.749634
0.751372
0.753100
0.754830
0.756548
0.758230
0.759868
0.761549
0.763165
0.764781
0.766402
0.767965
0.769572
0.771117
0.772654
0.774207
0.775729
0.777227
0.778718
0.780203
0.781655
0.783089
0.784514
0.785932
0.787356
0.788759
0.790142
0.791505
0.792864
0.794219
0.795554
0.796867
0.798170
0.799474
0.800762
0.802039
0.803296
0.804550
0.805800
0.807034
0.808260
0.809468
0.810662
0.811844
0.813029
0.814212
0.815382
0.816539
0.817682
0.818809
0.819930
0.821035
0.822138
0.823241
0.824332
0.825397
0.826460
0.827521
0.828576
0.829626
0.830655
0.831671
0.832686
0.833700
0.834705
0.835706
0.836685
0.837655
0.838623
0.839590
0.840541
0.841481
0.842417
0.843346
0.844271
0.845186
0.846099
0.847001
0.847903
0.848795
0.849686
0.850560
0.851424
0.852285
0.853137
0.853990
0.854833
0.855677
0.856505
0.857323
0.858138
0.858939
0.859739
0.860539
0.861339
0.862135
0.862909
0.863684
0.864452
0.865216
0.865979
0.866729
0.867479
0.868222
0.868951
0.869679
0.870403
0.871122
0.871842
0.872551
0.873257
0.873963
0.874658
0.875353
0.876047
0.876721
0.877396
0.878069
0.878729
0.879388
0.880047
0.880693
0.881338
0.881983
0.882618
0.883253
0.883887
0.884511
0.885133
0.885755
0.886365
0.886968
0.887571
0.888171
0.888765
0.889359
0.889953
0.890531
0.891107
0.891684
0.892257
0.892825
0.893393
0.893962
0.894514
0.895066
0.895617
0.896166
0.896706
0.897246
0.897786
0.898317
0.898843
0.899369
0.899894
0.900409
0.900921
0.901433
0.901945
0.902446
0.902945
0.903445
0.903944
0.904434
0.904922
0.905411
0.905900
0.906376
0.906848
0.907321
0.907794
0.908259
0.908719
0.909180
0.909640
0.910098
0.910550
0.911003
0.911455
0.911907
0.912345
0.912781
0.913216
0.913651
0.914084
0.914508
0.914932
0.915357
0.915781
0.916201
0.916614
0.917028
0.917442
0.917856
0.918260
0.918660
0.919060
0.919459
0.919859
0.920252
0.920643
0.921033
0.921424
0.921814
0.922197
0.922573
0.922950
0.923326
0.923703
0.924077
0.924443
0.924809
0.925175
0.925540
0.925906
0.926262
0.926615
0.926968
0.927321
0.927674
0.928027
0.928369
0.928711
0.929053
0.929395
0.929737
0.930076
0.930406
0.930737
0.931067
0.931397
0.931728
0.932056
0.932376
0.932696
0.933016
0.933336
0.933656
0.933976
0.934287
0.934597
0.934907
0.935217
0.935526
0.935836
0.936141
0.936439
0.936738
0.937037
0.937335
0.937634
0.937932
0.938222
0.938508
0.938795
0.939082
0.939368
0.939655
0.939942
0.940220
0.940497
0.940774
0.941051
0.941327
0.941604
0.941881
0.942151
0.942417
0.942682
0.942948
0.943213
0.943479
0.943744
0.944009
0.944265
0.944521
0.944777
0.945033
0.945289
0.945545
0.945801
0.946055
0.946301
0.946546
0.946792
0.947038
0.947284
0.947529
0.947775
0.948020
0.948255
0.948491
0.948726
0.948961
0.949197
0.949432
0.949668
0.949903
0.950132
0.950357
0.950582
0.950807
0.951032
0.951257
0.951481
0.951706
0.951931
0.952150
0.952367
0.952584
0.952800
0.953017
0.953234
0.953450
0.953667
0.953884
0.954096
0.954302
0.954509
0.954715
0.954922
0.955129
0.955335
0.955542
0.955749
0.955955
0.956154
0.956351
0.956548
0.956745
0.956942
0.957139
0.957336
0.957533
0.957730
0.957927
0.958118
0.958305
0.958492
0.958679
0.958866
0.959053
0.959240
0.959428
0.959615
0.959802
0.959989
0.960168
0.960346
0.960524
0.960703
0.960881
0.961059
0.961238
0.961416
0.961595
0.961773
0.961951
0.962123
0.962292
0.962462
0.962631
0.962801
0.962970
0.963139
0.963308
0.963478
0.963647
0.963817
0.963986
0.964147
0.964307
0.964467
0.964627
0.964787
0.964947
0.965107
0.965268
0.965428
0.965588
0.965748
0.965908
0.966065
0.966216
0.966368
0.966519
0.966671
0.966823
0.966974
0.967126
0.967277
0.967429
0.967580
0.967732
0.967884
0.968033
0.968176
0.968319
0.968462
0.968605
0.968748
0.968892
0.969035
0.969178
0.969321
0.969464
0.969607
0.969750
0.969893
0.970034
0.970169
0.970304
0.970438
0.970573
0.970708
0.970843
0.970978
0.971112
0.971247
0.971382
0.971517
0.971652
0.971786
0.971921
0.972053
0.972179
0.972306
0.972433
0.972559
0.972686
0.972813
0.972939
0.973066
0.973193
0.973320
0.973446
0.973573
0.973700
0.973826
0.973953
0.974074
0.974193
0.974311
0.974430
0.974548
0.974667
0.974785
0.974904
0.975022
0.975141
0.975259
0.975378
0.975496
0.975615
0.975733
0.975852
0.975970
0.976083
0.976194
0.976304
0.976415
0.976526
0.976637
0.976748
0.976859
0.976969
0.977080
0.977191
0.977302
0.977413
0.977524
0.977635
0.977745
0.977856
0.977967
0.978072
0.978175
0.978278
0.978381
0.978484
0.978587
0.978690
0.978793
0.978896
0.978998
0.979101
0.979204
0.979307
0.979410
0.979513
0.979616
0.979719
0.979822
0.979924
0.980026
0.980121
0.980217
0.980312
0.980408
0.980504
0.980599
0.980695
0.980790
0.980886
0.980982
0.981077
0.981173
0.981268
0.981364
0.981460
0.981555
0.981651
0.981746
0.981842
0.981938
0.982031
0.982119
0.982207
0.982295
0.982384
0.982472
0.982560
0.982648
0.982737
0.982825
0.982913
0.983001
0.983089
0.983178
0.983266
0.983354
0.983442
0.983531
0.983619
0.983707
0.983795
0.983884
0.983972
0.984055
0.984136
0.984218
0.984299
0.984380
0.984461
0.984542
0.984623
0.984704
0.984786
0.984867
0.984948
0.985029
0.985110
0.985191
0.985272
0.985354
0.985435
0.985516
0.985597
0.985678
0.985759
0.985840
0.985922
0.986002
0.986077
0.986151
0.986225
0.986299
0.986374
0.986448
0.986522
0.986596
0.986670
0.986745
0.986819
0.986893
0.986967
0.987041
0.987116
0.987190
0.987264
0.987338
0.987412
0.987487
0.987561
0.987635
0.987709
0.987783
0.987858
0.987932
0.988006
0.988073
0.988140
0.988208
0.988275
0.988343
0.988410
0.988478
0.988545
0.988613
0.988680
0.988748
0.988815
0.988882
0.988950
0.989017
0.989085
0.989152
0.989220
0.989287
0.989355
0.989422
0.989490
0.989557
0.989625
0.989692
0.989759
0.989827
0.989894
0.989962
0.990027
0.990088
0.990149
0.990210
0.990271
0.990332
0.990393
0.990454
0.990515
0.990576
0.990637
0.990698
0.990759
0.990820
0.990881
0.990942
0.991003
0.991064
0.991125
0.991186
0.991247
0.991308
0.991369
0.991430
0.991491
0.991552
0.991613
0.991674
0.991735
0.991796
0.991857
0.991918
0.991979
0.992036
0.992091
0.992145
0.992200
0.992255
0.992310
0.992364
0.992419
0.992474
0.992529
0.992583
0.992638
0.992693
0.992748
0.992802
0.992857
0.992912
0.992966
0.993021
0.993076
0.993131
0.993185
0.993240
0.993295
0.993350
0.993404
0.993459
0.993514
0.993569
0.993623
0.993678
0.993733
0.993787
0.993842
0.993897
0.993952
0.994006
0.994054
0.994103
0.994152
0.994201
0.994249
0.994298
0.994347
0.994396
0.994444
0.994493
0.994542
0.994591
0.994639
0.994688
0.994737
0.994786
0.994834
0.994883
0.994932
0.994981
0.995029
0.995078
0.995127
0.995176
0.995224
0.995273
0.995322
0.995371
0.995420
0.995468
0.995517
0.995566
0.995615
0.995663
0.995712
0.995761
0.995810
0.995858
0.995907
0.995956
0.996004
0.996047
0.996090
0.996133
0.996176
0.996219
0.996261
0.996305
0.996347
0.996390
0.996433
0.996476
0.996519
0.996562
0.996605
0.996648
0.996691
0.996734
0.996777
0.996820
0.996863
0.996905
0.996948
0.996991
0.997034
0.997077
0.997120
0.997163
0.997206
0.997249
0.997292
0.997335
0.997378
0.997421
0.997464
0.997506
0.997549
0.997592
0.997635
0.997678
0.997721
0.997764
0.997807
0.997850
0.997893
0.997936
0.997979
0.998019
0.998056
0.998094
0.998131
0.998168
0.998206
0.998243
0.998281
0.998318
0.998355
0.998393
0.998430
0.998468
0.998505
0.998542
0.998580
0.998617
0.998654
0.998692
0.998729
0.998767
0.998804
0.998841
0.998879
0.998916
0.998953
0.998991
0.999028
0.999066
0.999103
0.999140
0.999178
0.999215
0.999253
0.999290
0.999327
0.999365
0.999402
0.999439
0.999477
0.999514
0.999552
0.999589
0.999626
0.999664
0.999701
0.999738
0.999776
0.999813
0.999851
0.999888
0.999925
0.999963
1.000000
