1024
-0.999903
-0.999806
-0.999709
-0.999612
-0.999515
-0.999418
-0.999321
-0.999224
-0.999127
-0.999030
-0.998933
-0.998836
-0.998739
-0.998642
-0.998545
-0.998448
-0.998351
-0.998254
-0.998157
-0.998060
-0.997911
-0.997678
-0.997445
-0.997212
-0.996978
-0.996745
-0.996512
-0.996279
-0.996046
-0.995755
-0.995451
-0.995146
-0.994842
-0.994537
-0.994233
-0.993914
-0.993550
-0.993186
-0.992821
-0.992457
-0.992093
-0.991695
-0.991285
-0.990875
-0.990465
-0.990056
-0.989611
-0.989160
-0.988710
-0.988259
-0.987791
-0.987300
-0.986809
-0.986318
-0.985811
-0.985277
-0.984743
-0.984208
-0.983657
-0.983094
-0.982532
-0.981968
-0.981375
-0.980783
-0.980190
-0.979573
-0.978945
-0.978317
-0.977676
-0.977021
-0.976367
-0.975700
-0.975019
-0.974338
-0.973642
-0.972929
-0.972217
-0.971494
-0.970766
-0.970038
-0.969279
-0.968518
-0.967750
-0.966971
-0.966191
-0.965393
-0.964589
-0.963774
-0.962929
-0.962083
-0.961239
-0.960395
-0.959540
-0.958675
-0.957805
-0.956914
-0.956024
-0.955109
-0.954193
-0.953257
-0.952315
-0.951375
-0.950435
-0.949479
-0.948510
-0.947543
-0.946576
-0.945596
-0.944596
-0.943582
-0.942549
-0.941514
-0.940479
-0.939430
-0.938369
-0.937304
-0.936238
-0.935144
-0.934042
-0.932938
-0.931834
-0.930730
-0.929614
-0.928473
-0.927332
-0.926192
-0.925013
-0.923827
-0.922643
-0.921460
-0.920279
-0.919095
-0.917906
-0.916671
-0.915441
-0.914217
-0.912948
-0.911669
-0.910385
-0.909135
-0.907893
-0.906565
-0.905261
-0.903976
-0.902643
-0.901311
-0.899978
-0.898648
-0.897316
-0.895983
-0.894596
-0.893203
-0.891807
-0.890417
-0.889022
-0.887611
-0.886165
-0.884769
-0.883350
-0.881894
-0.880439
-0.878984
-0.877528
-0.876072
-0.874545
-0.873064
-0.871590
-0.870064
-0.868532
-0.867008
-0.865484
-0.863955
-0.862361
-0.860821
-0.859261
-0.857659
-0.856050
-0.854533
-0.852905
-0.851257
-0.849658
-0.848061
-0.846460
-0.844799
-0.843156
-0.841531
-0.839852
-0.838185
-0.836506
-0.834821
-0.833131
-0.831441
-0.829742
-0.827964
-0.826280
-0.824522
-0.822810
-0.821078
-0.819303
-0.817523
-0.815745
-0.813964
-0.812190
-0.810411
-0.808633
-0.806787
-0.804967
-0.803144
-0.801305
-0.799504
-0.797620
-0.795755
-0.793980
-0.792105
-0.790224
-0.788342
-0.786455
-0.784570
-0.782609
-0.780697
-0.778814
-0.776853
-0.774915
-0.772973
-0.771029
-0.769085
-0.767082
-0.765082
-0.763078
-0.761129
-0.759198
-0.757197
-0.755141
-0.753066
-0.751064
-0.749066
-0.747068
-0.745006
-0.742949
-0.740884
-0.738828
-0.736746
-0.734701
-0.732610
-0.730470
-0.728336
-0.726323
-0.724204
-0.722081
-0.719947
-0.717820
-0.715692
-0.713560
-0.711379
-0.709146
-0.707010
-0.704875
-0.702648
-0.700469
-0.698333
-0.696060
-0.693924
-0.691674
-0.689507
-0.687213
-0.684997
-0.682782
-0.680487
-0.678189
-0.676053
-0.673779
-0.671495
-0.669205
-0.666920
-0.664647
-0.662373
-0.660086
-0.657762
-0.655358
-0.653084
-0.650801
-0.648400
-0.646087
-0.643802
-0.641393
-0.639041
-0.636688
-0.634402
-0.631980
-0.629545
-0.627198
-0.624834
-0.622440
-0.619977
-0.617667
-0.615201
-0.612743
-0.610276
-0.607964
-0.605499
-0.603037
-0.600572
-0.598102
-0.595626
-0.593165
-0.590697
-0.588243
-0.585761
-0.583167
-0.580702
-0.578252
-0.575781
-0.573193
-0.570725
-0.568113
-0.565647
-0.563126
-0.560587
-0.558118
-0.555507
-0.552963
-0.550426
-0.547811
-0.545299
-0.542742
-0.540138
-0.537504
-0.534961
-0.532297
-0.529799
-0.527123
-0.524447
-0.521947
-0.519281
-0.516613
-0.513953
-0.511453
-0.508790
-0.506120
-0.503456
-0.500785
-0.498116
-0.495434
-0.492777
-0.490121
-0.487451
-0.484791
-0.482135
-0.479460
-0.476800
-0.473968
-0.471314
-0.468656
-0.465985
-0.463152
-0.460491
-0.457818
-0.455006
-0.452343
-0.449654
-0.446849
-0.444172
-0.441341
-0.438566
-0.435856
-0.433117
-0.430363
-0.427528
-0.424760
-0.422050
-0.419217
-0.416415
-0.413688
-0.410885
-0.408049
-0.405205
-0.402412
-0.399693
-0.396791
-0.394058
-0.391160
-0.388399
-0.385535
-0.382736
-0.379884
-0.376980
-0.374223
-0.371326
-0.368412
-0.365690
-0.362774
-0.359856
-0.357040
-0.354219
-0.351304
-0.348387
-0.345468
-0.342558
-0.339834
-0.336924
-0.334011
-0.331102
-0.328204
-0.325286
-0.322382
-0.319487
-0.316580
-0.313671
-0.310768
-0.307861
-0.304948
-0.302022
-0.299110
-0.296204
-0.293238
-0.290216
-0.287294
-0.284387
-0.281480
-0.278564
-0.275470
-0.272572
-0.269671
-0.266763
-0.263676
-0.260768
-0.257855
-0.254852
-0.251864
-0.248952
-0.246029
-0.242931
-0.240023
-0.237006
-0.234007
-0.231017
-0.228012
-0.225107
-0.222015
-0.219113
-0.216002
-0.213082
-0.209974
-0.207063
-0.203965
-0.201054
-0.197944
-0.195023
-0.191926
-0.188929
-0.185934
-0.182917
-0.179920
-0.176914
-0.173926
-0.170841
-0.167753
-0.164848
-0.161758
-0.158739
-0.155731
-0.152665
-0.149733
-0.146670
-0.143573
-0.140530
-0.137539
-0.134482
-0.131387
-0.128315
-0.125313
-0.122294
-0.119218
-0.116143
-0.113144
-0.110145
-0.107067
-0.103983
-0.100978
-0.097970
-0.094887
-0.091808
-0.088780
-0.085780
-0.082714
-0.079626
-0.076572
-0.073447
-0.070384
-0.067389
-0.064356
-0.061262
-0.058205
-0.055200
-0.051988
-0.048988
-0.045979
-0.042891
-0.039791
-0.036770
-0.033601
-0.030533
-0.027522
-0.024475
-0.021310
-0.018284
-0.015171
-0.012078
-0.009078
-0.005887
-0.002867
0.000120
0.003206
0.006330
0.009388
0.012485
0.015562
0.018552
0.021766
0.024761
0.027780
0.030884
0.033974
0.036971
0.040137
0.043158
0.046157
0.049232
0.052341
0.055381
0.058488
0.061540
0.064542
0.067589
0.070683
0.073751
0.076868
0.079950
0.082966
0.085994
0.089082
0.092171
0.095184
0.098172
0.101249
0.104336
0.107375
0.110377
0.113426
0.116530
0.119582
0.122587
0.125620
0.128706
0.131764
0.134758
0.137774
0.140865
0.143944
0.146948
0.149948
0.152927
0.155937
0.159022
0.162114
0.165123
0.168116
0.171130
0.174113
0.177176
0.180088
0.183183
0.186270
0.189175
0.192256
0.195169
0.198251
0.201271
0.204246
0.207262
0.210230
0.213260
0.216240
0.219169
0.222270
0.225177
0.228273
0.231177
0.234270
0.237167
0.240070
0.243159
0.246058
0.249083
0.252083
0.254984
0.257890
0.260983
0.263883
0.266794
0.269715
0.272806
0.275724
0.278620
0.281522
0.284612
0.287516
0.290427
0.293329
0.296235
0.299136
0.302057
0.304969
0.307867
0.310966
0.313865
0.316770
0.319673
0.322579
0.325371
0.328228
0.331141
0.334064
0.336970
0.339872
0.342762
0.345651
0.348568
0.351356
0.354212
0.357123
0.360036
0.362859
0.365664
0.368577
0.371356
0.374203
0.377103
0.379848
0.382747
0.385664
0.388382
0.391277
0.394004
0.396917
0.399685
0.402514
0.405293
0.408170
0.410902
0.413654
0.416489
0.419264
0.421978
0.424806
0.427611
0.430328
0.433139
0.435806
0.438643
0.441435
0.444160
0.446912
0.449653
0.452352
0.455148
0.457802
0.460516
0.463301
0.465951
0.468666
0.471435
0.474109
0.476782
0.479451
0.482139
0.484966
0.487639
0.490312
0.492992
0.495666
0.498323
0.500988
0.503665
0.506177
0.508845
0.511523
0.514182
0.516841
0.519381
0.521990
0.524653
0.527213
0.529803
0.532439
0.534981
0.537657
0.540160
0.542838
0.545387
0.547994
0.550489
0.553067
0.555659
0.558153
0.560766
0.563230
0.565830
0.568307
0.570850
0.573412
0.575885
0.578382
0.580967
0.583420
0.585873
0.588339
0.590798
0.593257
0.595715
0.598181
0.600648
0.603111
0.605563
0.608026
0.610493
0.612881
0.615257
0.617723
0.620173
0.622488
0.624945
0.627305
0.629714
0.632023
0.634486
0.636886
0.639167
0.641562
0.643888
0.646331
0.648621
0.650912
0.653278
0.655609
0.657893
0.660180
0.662466
0.664750
0.667034
0.669322
0.671610
0.673892
0.676191
0.678480
0.680712
0.682906
0.685194
0.687378
0.689616
0.691903
0.694044
0.696316
0.698468
0.700692
0.702824
0.705027
0.707228
0.709360
0.711487
0.713618
0.715747
0.717874
0.720012
0.722144
0.724279
0.726417
0.728544
0.730631
0.732663
0.734795
0.736869
0.738937
0.741013
0.743082
0.745143
0.747150
0.749229
0.751276
0.753275
0.755283
0.757280
0.759277
0.761283
0.763288
0.765289
0.767221
0.769174
0.771168
0.773094
0.775037
0.776971
0.778899
0.780846
0.782727
0.784611
0.786498
0.788384
0.790271
0.792163
0.794038
0.795927
0.797813
0.799608
0.801463
0.803265
0.805102
0.806932
0.808714
0.810525
0.812385
0.814172
0.815942
0.817720
0.819419
0.821167
0.822947
0.824686
0.826391
0.828161
0.829847
0.831526
0.833274
0.834996
0.836679
0.838342
0.839944
0.841627
0.843314
0.844944
0.846567
0.848236
0.849829
0.851431
0.853028
0.854630
0.856244
0.857841
0.859370
0.860943
0.862525
0.864058
0.865581
0.867105
0.868625
0.870142
0.871663
0.873186
0.874678
0.876132
0.877579
0.879081
0.880576
0.882027
0.883422
0.884850
0.886290
0.887685
0.889133
0.890566
0.891957
0.893291
0.894649
0.896035
0.897366
0.898729
0.900115
0.901443
0.902741
0.904018
0.905354
0.906660
0.907939
0.909222
0.910505
0.911788
0.913027
0.914258
0.915489
0.916723
0.917957
0.919185
0.920398
0.921581
0.922765
0.923949
0.925094
0.926245
0.927432
0.928575
0.929679
0.930807
0.931946
0.933053
0.934153
0.935218
0.936292
0.937392
0.938462
0.939495
0.940528
0.941561
0.942595
0.943630
0.944642
0.945643
0.946644
0.947644
0.948624
0.949592
0.950547
0.951491
0.952420
0.953332
0.954245
0.955161
0.956075
0.956963
0.957851
0.958722
0.959589
0.960456
0.961323
0.962180
0.963003
0.963825
0.964631
0.965431
0.966227
0.967009
0.967791
0.968559
0.969322
0.970081
0.970807
0.971533
0.972254
0.972967
0.973679
0.974374
0.975055
0.975736
0.976398
0.977049
0.977700
0.978338
0.978966
0.979593
0.980208
0.980800
0.981392
0.981984
0.982557
0.983130
0.983703
0.984252
0.984775
0.985298
0.985822
0.986324
0.986816
0.987307
0.987799
0.988269
0.988725
0.989180
0.989636
0.990083
0.990493
0.990904
0.991315
0.991726
0.992119
0.992478
0.992836
0.993195
0.993554
0.993912
0.994230
0.994534
0.994838
0.995142
0.995447
0.995751
0.996042
0.996276
0.996509
0.996742
0.996976
0.997209
0.997443
0.997676
0.997910
0.998060
0.998157
0.998254
0.998351
0.998448
0.998545
0.998642
0.998739
0.998836
0.998933
0.999030
0.999127
0.999224
0.999321
0.999418
0.999515
0.999612
0.999709
0.999806
0.999903
1.000000
