1024
-0.999903
-0.999806
-0.999709
-0.999612
-0.999515
-0.999419
-0.999322
-0.999225
-0.999128
-0.999031
-0.998934
-0.998837
-0.998740
-0.998643
-0.998546
-0.998450
-0.998353
-0.998256
-0.998159
-0.998062
-0.997916
-0.997682
-0.997448
-0.997214
-0.996980
-0.996746
-0.996512
-0.996278
-0.996044
-0.995752
-0.995446
-0.995141
-0.994836
-0.994530
-0.994225
-0.993904
-0.993540
-0.993175
-0.992810
-0.992446
-0.992081
-0.991680
-0.991268
-0.990856
-0.990443
-0.990031
-0.989584
-0.989133
-0.988682
-0.988231
-0.987759
-0.987263
-0.986768
-0.986272
-0.985761
-0.985229
-0.984698
-0.984167
-0.983616
-0.983055
-0.982494
-0.981929
-0.981335
-0.980741
-0.980147
-0.979529
-0.978902
-0.978275
-0.977633
-0.976979
-0.976324
-0.975657
-0.974977
-0.974296
-0.973600
-0.972892
-0.972184
-0.971460
-0.970731
-0.970002
-0.969241
-0.968480
-0.967714
-0.966936
-0.966159
-0.965365
-0.964567
-0.963756
-0.962914
-0.962072
-0.961226
-0.960380
-0.959523
-0.958658
-0.957787
-0.956897
-0.956007
-0.955096
-0.954186
-0.953250
-0.952307
-0.951366
-0.950424
-0.949466
-0.948495
-0.947523
-0.946550
-0.945566
-0.944566
-0.943552
-0.942522
-0.941492
-0.940464
-0.939415
-0.938349
-0.937280
-0.936210
-0.935118
-0.934022
-0.932916
-0.931810
-0.930704
-0.929585
-0.928445
-0.927305
-0.926166
-0.924983
-0.923794
-0.922614
-0.921428
-0.920236
-0.919041
-0.917841
-0.916608
-0.915375
-0.914142
-0.912875
-0.911603
-0.910329
-0.909090
-0.907850
-0.906517
-0.905216
-0.903931
-0.902590
-0.901255
-0.899924
-0.898588
-0.897257
-0.895925
-0.894541
-0.893156
-0.891771
-0.890381
-0.888983
-0.887570
-0.886123
-0.884726
-0.883306
-0.881855
-0.880408
-0.878960
-0.877503
-0.876031
-0.874508
-0.873035
-0.871563
-0.870035
-0.868499
-0.866980
-0.865466
-0.863948
-0.862342
-0.860797
-0.859232
-0.857631
-0.856041
-0.854524
-0.852906
-0.851271
-0.849679
-0.848083
-0.846473
-0.844810
-0.843177
-0.841568
-0.839896
-0.838224
-0.836535
-0.834844
-0.833157
-0.831474
-0.829778
-0.827985
-0.826292
-0.824520
-0.822800
-0.821061
-0.819282
-0.817506
-0.815731
-0.813961
-0.812200
-0.810419
-0.808635
-0.806785
-0.804961
-0.803136
-0.801300
-0.799495
-0.797611
-0.795732
-0.793945
-0.792061
-0.790180
-0.788299
-0.786424
-0.784530
-0.782554
-0.780637
-0.778757
-0.776809
-0.774880
-0.772935
-0.771006
-0.769075
-0.767069
-0.765060
-0.763052
-0.761109
-0.759176
-0.757164
-0.755106
-0.753035
-0.751029
-0.749020
-0.747007
-0.744942
-0.742894
-0.740817
-0.738760
-0.736667
-0.734620
-0.732533
-0.730398
-0.728261
-0.726234
-0.724098
-0.721966
-0.719833
-0.717688
-0.715552
-0.713415
-0.711227
-0.709010
-0.706876
-0.704744
-0.702505
-0.700323
-0.698192
-0.695948
-0.693788
-0.691534
-0.689356
-0.687080
-0.684872
-0.682638
-0.680331
-0.678047
-0.675909
-0.673617
-0.671346
-0.669062
-0.666764
-0.664468
-0.662181
-0.659895
-0.657581
-0.655173
-0.652895
-0.650621
-0.648199
-0.645890
-0.643581
-0.641190
-0.638828
-0.636502
-0.634226
-0.631793
-0.629389
-0.627035
-0.624675
-0.622267
-0.619820
-0.617506
-0.615029
-0.612549
-0.610081
-0.607761
-0.605300
-0.602825
-0.600353
-0.597876
-0.595437
-0.592975
-0.590503
-0.588045
-0.585549
-0.582967
-0.580520
-0.578072
-0.575579
-0.573000
-0.570547
-0.567944
-0.565496
-0.562953
-0.560435
-0.557955
-0.555341
-0.552771
-0.550261
-0.547639
-0.545079
-0.542513
-0.539899
-0.537282
-0.534735
-0.532097
-0.529582
-0.526928
-0.524278
-0.521763
-0.519100
-0.516458
-0.513809
-0.511316
-0.508654
-0.505973
-0.503311
-0.500646
-0.497977
-0.495305
-0.492617
-0.489926
-0.487272
-0.484616
-0.481949
-0.479275
-0.476613
-0.473792
-0.471133
-0.468460
-0.465777
-0.462952
-0.460276
-0.457583
-0.454796
-0.452127
-0.449421
-0.446643
-0.443975
-0.441150
-0.438351
-0.435665
-0.432904
-0.430158
-0.427325
-0.424533
-0.421779
-0.418963
-0.416144
-0.413420
-0.410614
-0.407747
-0.404927
-0.402101
-0.399390
-0.396490
-0.393768
-0.390869
-0.388128
-0.385216
-0.382448
-0.379587
-0.376644
-0.373915
-0.371016
-0.368119
-0.365373
-0.362465
-0.359572
-0.356779
-0.353971
-0.351067
-0.348186
-0.345287
-0.342375
-0.339641
-0.336745
-0.333838
-0.330921
-0.327989
-0.325065
-0.322140
-0.319245
-0.316338
-0.313421
-0.310505
-0.307617
-0.304695
-0.301788
-0.298876
-0.295978
-0.292988
-0.289999
-0.287090
-0.284190
-0.281286
-0.278389
-0.275315
-0.272413
-0.269491
-0.266553
-0.263458
-0.260555
-0.257654
-0.254623
-0.251635
-0.248749
-0.245818
-0.242705
-0.239780
-0.236730
-0.233777
-0.230758
-0.227779
-0.224850
-0.221741
-0.218808
-0.215714
-0.212807
-0.209713
-0.206803
-0.203711
-0.200758
-0.197649
-0.194744
-0.191639
-0.188605
-0.185644
-0.182608
-0.179646
-0.176631
-0.173655
-0.170594
-0.167499
-0.164593
-0.161528
-0.158473
-0.155515
-0.152464
-0.149511
-0.146451
-0.143374
-0.140364
-0.137367
-0.134329
-0.131232
-0.128189
-0.125219
-0.122216
-0.119152
-0.116075
-0.113066
-0.110052
-0.106951
-0.103871
-0.100854
-0.097847
-0.094794
-0.091718
-0.088696
-0.085713
-0.082648
-0.079550
-0.076497
-0.073372
-0.070334
-0.067324
-0.064290
-0.061189
-0.058094
-0.055097
-0.051878
-0.048873
-0.045891
-0.042828
-0.039748
-0.036744
-0.033569
-0.030518
-0.027508
-0.024466
-0.021323
-0.018280
-0.015181
-0.012084
-0.009088
-0.005891
-0.002887
0.000106
0.003206
0.006327
0.009393
0.012477
0.015526
0.018546
0.021735
0.024705
0.027723
0.030827
0.033934
0.036929
0.040099
0.043137
0.046169
0.049253
0.052365
0.055403
0.058504
0.061580
0.064600
0.067649
0.070725
0.073811
0.076920
0.080035
0.083049
0.086040
0.089131
0.092207
0.095243
0.098227
0.101296
0.104402
0.107436
0.110440
0.113484
0.116569
0.119647
0.122664
0.125690
0.128794
0.131908
0.134897
0.137920
0.141013
0.144089
0.147110
0.150105
0.153115
0.156106
0.159195
0.162304
0.165340
0.168317
0.171367
0.174385
0.177433
0.180360
0.183405
0.186501
0.189415
0.192517
0.195398
0.198453
0.201452
0.204386
0.207442
0.210396
0.213439
0.216402
0.219298
0.222395
0.225323
0.228422
0.231342
0.234417
0.237297
0.240208
0.243258
0.246176
0.249204
0.252169
0.255083
0.257996
0.261062
0.263946
0.266837
0.269745
0.272848
0.275763
0.278700
0.281611
0.284705
0.287603
0.290521
0.293427
0.296322
0.299220
0.302112
0.305046
0.307977
0.311083
0.313974
0.316889
0.319785
0.322695
0.325451
0.328321
0.331238
0.334154
0.337095
0.340009
0.342932
0.345852
0.348757
0.351538
0.354416
0.357336
0.360229
0.363058
0.365872
0.368757
0.371528
0.374377
0.377294
0.380016
0.382919
0.385818
0.388526
0.391438
0.394174
0.397048
0.399765
0.402592
0.405364
0.408231
0.410986
0.413729
0.416572
0.419332
0.422040
0.424863
0.427682
0.430428
0.433244
0.435913
0.438748
0.441543
0.444212
0.446947
0.449679
0.452390
0.455192
0.457846
0.460546
0.463343
0.466022
0.468765
0.471551
0.474196
0.476841
0.479491
0.482171
0.484990
0.487665
0.490335
0.492981
0.495649
0.498310
0.500960
0.503632
0.506144
0.508818
0.511480
0.514163
0.516828
0.519395
0.522029
0.524691
0.527252
0.529863
0.532470
0.535016
0.537666
0.540161
0.542814
0.545358
0.547958
0.550459
0.553031
0.555629
0.558145
0.560743
0.563196
0.565812
0.568270
0.570783
0.573339
0.575793
0.578283
0.580874
0.583323
0.585786
0.588253
0.590730
0.593195
0.595659
0.598119
0.600583
0.603038
0.605492
0.607929
0.610380
0.612775
0.615152
0.617614
0.620071
0.622390
0.624865
0.627245
0.629653
0.631983
0.634415
0.636812
0.639098
0.641483
0.643820
0.646229
0.648520
0.650806
0.653179
0.655518
0.657798
0.660090
0.662386
0.664677
0.666957
0.669246
0.671545
0.673821
0.676113
0.678413
0.680652
0.682833
0.685119
0.687306
0.689530
0.691811
0.693954
0.696206
0.698382
0.700636
0.702775
0.704967
0.707165
0.709284
0.711403
0.713541
0.715668
0.717785
0.719924
0.722066
0.724202
0.726328
0.728463
0.730566
0.732610
0.734731
0.736809
0.738876
0.740953
0.743021
0.745081
0.747076
0.749153
0.751220
0.753216
0.755203
0.757197
0.759190
0.761182
0.763178
0.765172
0.767105
0.769058
0.771060
0.772994
0.774922
0.776862
0.778789
0.780752
0.782644
0.784520
0.786397
0.788281
0.790154
0.792032
0.793940
0.795822
0.797706
0.799495
0.801347
0.803168
0.805013
0.806857
0.808637
0.810430
0.812288
0.814056
0.815821
0.817611
0.819325
0.821073
0.822856
0.824604
0.826309
0.828081
0.829758
0.831445
0.833201
0.834931
0.836616
0.838289
0.839892
0.841577
0.843264
0.844900
0.846526
0.848198
0.849789
0.851392
0.852999
0.854601
0.856192
0.857781
0.859328
0.860900
0.862472
0.863989
0.865502
0.867019
0.868538
0.870059
0.871588
0.873104
0.874594
0.876049
0.877504
0.879001
0.880497
0.881954
0.883343
0.884768
0.886214
0.887601
0.889041
0.890481
0.891878
0.893220
0.894578
0.895966
0.897292
0.898652
0.900050
0.901379
0.902679
0.903953
0.905283
0.906595
0.907882
0.909166
0.910451
0.911739
0.912976
0.914201
0.915434
0.916662
0.917884
0.919113
0.920329
0.921509
0.922690
0.923870
0.925019
0.926168
0.927347
0.928493
0.929599
0.930734
0.931886
0.932996
0.934097
0.935165
0.936241
0.937344
0.938419
0.939451
0.940482
0.941513
0.942545
0.943579
0.944593
0.945593
0.946594
0.947595
0.948580
0.949554
0.950512
0.951456
0.952389
0.953307
0.954223
0.955133
0.956041
0.956932
0.957822
0.958693
0.959560
0.960427
0.961295
0.962153
0.962969
0.963784
0.964591
0.965394
0.966193
0.966978
0.967764
0.968535
0.969300
0.970062
0.970791
0.971520
0.972242
0.972951
0.973660
0.974354
0.975035
0.975716
0.976380
0.977032
0.977683
0.978321
0.978945
0.979569
0.980184
0.980777
0.981370
0.981964
0.982535
0.983105
0.983676
0.984227
0.984753
0.985280
0.985806
0.986312
0.986805
0.987299
0.987792
0.988264
0.988721
0.989178
0.989635
0.990082
0.990491
0.990901
0.991310
0.991720
0.992113
0.992474
0.992834
0.993194
0.993554
0.993914
0.994231
0.994535
0.994839
0.995143
0.995447
0.995751
0.996042
0.996276
0.996510
0.996743
0.996977
0.997211
0.997445
0.997678
0.997912
0.998061
0.998158
0.998255
0.998352
0.998449
0.998546
0.998643
0.998739
0.998836
0.998933
0.999030
0.999127
0.999224
0.999321
0.999418
0.999515
0.999612
0.999709
0.999806
0.999903
1.000000
