1024
-0.999903
-0.999806
-0.999709
-0.999612
-0.999516
-0.999419
-0.999322
-0.999225
-0.999128
-0.999031
-0.998934
-0.998837
-0.998740
-0.998644
-0.998547
-0.998450
-0.998353
-0.998256
-0.998159
-0.998062
-0.997917
-0.997683
-0.997450
-0.997217
-0.996983
-0.996750
-0.996516
-0.996283
-0.996050
-0.995760
-0.995456
-0.995151
-0.994846
-0.994542
-0.994237
-0.993919
-0.993556
-0.993192
-0.992828
-0.992465
-0.992101
-0.991704
-0.991293
-0.990883
-0.990472
-0.990062
-0.989617
-0.989166
-0.988715
-0.988264
-0.987796
-0.987303
-0.986810
-0.986317
-0.985809
-0.985276
-0.984742
-0.984209
-0.983657
-0.983095
-0.982532
-0.981968
-0.981375
-0.980782
-0.980190
-0.979573
-0.978945
-0.978317
-0.977677
-0.977024
-0.976371
-0.975706
-0.975025
-0.974343
-0.973646
-0.972934
-0.972221
-0.971499
-0.970771
-0.970044
-0.969284
-0.968522
-0.967754
-0.966973
-0.966192
-0.965397
-0.964598
-0.963788
-0.962947
-0.962107
-0.961266
-0.960424
-0.959571
-0.958707
-0.957837
-0.956950
-0.956062
-0.955149
-0.954234
-0.953300
-0.952359
-0.951418
-0.950477
-0.949522
-0.948553
-0.947582
-0.946611
-0.945628
-0.944627
-0.943613
-0.942579
-0.941546
-0.940513
-0.939463
-0.938395
-0.937328
-0.936262
-0.935168
-0.934063
-0.932959
-0.931855
-0.930753
-0.929637
-0.928490
-0.927346
-0.926203
-0.925028
-0.923844
-0.922659
-0.921473
-0.920288
-0.919103
-0.917916
-0.916684
-0.915451
-0.914218
-0.912946
-0.911666
-0.910390
-0.909146
-0.907908
-0.906575
-0.905273
-0.903995
-0.902660
-0.901327
-0.899997
-0.898659
-0.897324
-0.895994
-0.894602
-0.893213
-0.891824
-0.890432
-0.889041
-0.887635
-0.886181
-0.884782
-0.883362
-0.881907
-0.880450
-0.878995
-0.877539
-0.876082
-0.874563
-0.873083
-0.871611
-0.870090
-0.868566
-0.867040
-0.865515
-0.863992
-0.862389
-0.860845
-0.859284
-0.857680
-0.856078
-0.854549
-0.852922
-0.851275
-0.849672
-0.848074
-0.846475
-0.844822
-0.843183
-0.841558
-0.839875
-0.838191
-0.836506
-0.834822
-0.833137
-0.831454
-0.829760
-0.827981
-0.826294
-0.824534
-0.822822
-0.821093
-0.819319
-0.817544
-0.815768
-0.813994
-0.812216
-0.810434
-0.808657
-0.806815
-0.804992
-0.803166
-0.801323
-0.799519
-0.797638
-0.795769
-0.793992
-0.792110
-0.790232
-0.788353
-0.786474
-0.784593
-0.782632
-0.780716
-0.778834
-0.776884
-0.774950
-0.773013
-0.771075
-0.769148
-0.767154
-0.765157
-0.763160
-0.761215
-0.759290
-0.757285
-0.755238
-0.753160
-0.751155
-0.749152
-0.747154
-0.745099
-0.743029
-0.740961
-0.738899
-0.736825
-0.734774
-0.732689
-0.730551
-0.728414
-0.726388
-0.724284
-0.722148
-0.720014
-0.717881
-0.715751
-0.713615
-0.711448
-0.709221
-0.707086
-0.704952
-0.702734
-0.700553
-0.698418
-0.696171
-0.694025
-0.691765
-0.689603
-0.687318
-0.685096
-0.682890
-0.680607
-0.678317
-0.676159
-0.673884
-0.671592
-0.669304
-0.667017
-0.664730
-0.662438
-0.660156
-0.657863
-0.655448
-0.653167
-0.650883
-0.648490
-0.646174
-0.643881
-0.641457
-0.639108
-0.636742
-0.634454
-0.632020
-0.629596
-0.627257
-0.624878
-0.622484
-0.620021
-0.617715
-0.615254
-0.612793
-0.610333
-0.608018
-0.605560
-0.603099
-0.600638
-0.598177
-0.595714
-0.593252
-0.590795
-0.588337
-0.585867
-0.583270
-0.580810
-0.578350
-0.575884
-0.573273
-0.570808
-0.568205
-0.565723
-0.563199
-0.560645
-0.558186
-0.555578
-0.553043
-0.550497
-0.547881
-0.545372
-0.542806
-0.540204
-0.537577
-0.535041
-0.532371
-0.529877
-0.527206
-0.524539
-0.522036
-0.519369
-0.516699
-0.514028
-0.511537
-0.508875
-0.506205
-0.503535
-0.500867
-0.498201
-0.495534
-0.492866
-0.490203
-0.487541
-0.484878
-0.482219
-0.479555
-0.476891
-0.474062
-0.471393
-0.468729
-0.466065
-0.463236
-0.460564
-0.457882
-0.455060
-0.452396
-0.449706
-0.446905
-0.444241
-0.441409
-0.438626
-0.435909
-0.433167
-0.430407
-0.427568
-0.424798
-0.422067
-0.419234
-0.416436
-0.413711
-0.410905
-0.408085
-0.405241
-0.402444
-0.399719
-0.396811
-0.394075
-0.391169
-0.388409
-0.385537
-0.382739
-0.379900
-0.376995
-0.374247
-0.371354
-0.368444
-0.365721
-0.362805
-0.359897
-0.357070
-0.354256
-0.351345
-0.348436
-0.345532
-0.342614
-0.339889
-0.336977
-0.334063
-0.331152
-0.328244
-0.325340
-0.322429
-0.319524
-0.316617
-0.313703
-0.310798
-0.307887
-0.304983
-0.302079
-0.299166
-0.296253
-0.293280
-0.290251
-0.287345
-0.284441
-0.281531
-0.278620
-0.275530
-0.272619
-0.269712
-0.266814
-0.263726
-0.260814
-0.257903
-0.254899
-0.251913
-0.249007
-0.246098
-0.243003
-0.240093
-0.237112
-0.234100
-0.231102
-0.228084
-0.225172
-0.222091
-0.219171
-0.216094
-0.213176
-0.210093
-0.207179
-0.204094
-0.201177
-0.198101
-0.195184
-0.192108
-0.189114
-0.186100
-0.183109
-0.180100
-0.177118
-0.174103
-0.171012
-0.167927
-0.165024
-0.161933
-0.158924
-0.155923
-0.152840
-0.149924
-0.146841
-0.143748
-0.140724
-0.137726
-0.134661
-0.131570
-0.128532
-0.125530
-0.122478
-0.119381
-0.116321
-0.113320
-0.110290
-0.107205
-0.104129
-0.101129
-0.098115
-0.095032
-0.091944
-0.088933
-0.085930
-0.082849
-0.079758
-0.076737
-0.073581
-0.070536
-0.067531
-0.064475
-0.061383
-0.058320
-0.055334
-0.052132
-0.049132
-0.046113
-0.043023
-0.039929
-0.036919
-0.033742
-0.030716
-0.027721
-0.024659
-0.021521
-0.018471
-0.015380
-0.012317
-0.009321
-0.006126
-0.003125
-0.000118
0.002978
0.006074
0.009156
0.012247
0.015271
0.018267
0.021456
0.024457
0.027505
0.030600
0.033665
0.036667
0.039870
0.042875
0.045893
0.048980
0.052073
0.055121
0.058250
0.061276
0.064269
0.067343
0.070436
0.073476
0.076616
0.079682
0.082678
0.085706
0.088796
0.091879
0.094882
0.097897
0.100985
0.104077
0.107087
0.110094
0.113186
0.116275
0.119309
0.122310
0.125375
0.128462
0.131505
0.134503
0.137547
0.140639
0.143710
0.146719
0.149746
0.152725
0.155748
0.158836
0.161925
0.164917
0.167931
0.170928
0.173928
0.177020
0.179930
0.183020
0.186108
0.189019
0.192111
0.195022
0.198113
0.201117
0.204107
0.207115
0.210092
0.213097
0.216087
0.218992
0.222090
0.224998
0.228086
0.230994
0.234089
0.236998
0.239901
0.242987
0.245889
0.248874
0.251893
0.254798
0.257713
0.260805
0.263720
0.266627
0.269532
0.272621
0.275523
0.278437
0.281349
0.284444
0.287362
0.290269
0.293183
0.296089
0.299001
0.301914
0.304824
0.307729
0.310820
0.313734
0.316647
0.319556
0.322470
0.325271
0.328117
0.331027
0.333932
0.336836
0.339744
0.342659
0.345563
0.348479
0.351272
0.354113
0.357022
0.359929
0.362762
0.365553
0.368463
0.371259
0.374100
0.377012
0.379758
0.382650
0.385558
0.388283
0.391193
0.393930
0.396831
0.399595
0.402426
0.405190
0.408091
0.410831
0.413594
0.416425
0.419190
0.421921
0.424748
0.427538
0.430264
0.433079
0.435742
0.438573
0.441352
0.444079
0.446814
0.449587
0.452282
0.455090
0.457763
0.460474
0.463271
0.465942
0.468670
0.471444
0.474105
0.476766
0.479429
0.482108
0.484935
0.487603
0.490273
0.492939
0.495595
0.498260
0.500922
0.503586
0.506083
0.508756
0.511423
0.514090
0.516752
0.519308
0.521920
0.524590
0.527164
0.529757
0.532397
0.534928
0.537598
0.540101
0.542760
0.545316
0.547930
0.550429
0.553008
0.555588
0.558086
0.560700
0.563164
0.565763
0.568247
0.570771
0.573330
0.575797
0.578282
0.580873
0.583335
0.585795
0.588259
0.590726
0.593194
0.595661
0.598119
0.600577
0.603037
0.605500
0.607969
0.610433
0.612828
0.615204
0.617664
0.620121
0.622434
0.624894
0.627264
0.629670
0.631984
0.634447
0.636842
0.639126
0.641516
0.643837
0.646264
0.648554
0.650847
0.653224
0.655564
0.657852
0.660143
0.662429
0.664711
0.667001
0.669286
0.671571
0.673850
0.676135
0.678416
0.680653
0.682842
0.685131
0.687325
0.689566
0.691856
0.694001
0.696269
0.698432
0.700673
0.702808
0.705011
0.707210
0.709348
0.711480
0.713611
0.715746
0.717879
0.720010
0.722137
0.724275
0.726410
0.728543
0.730633
0.732681
0.734816
0.736892
0.738953
0.741018
0.743088
0.745145
0.747143
0.749216
0.751269
0.753271
0.755271
0.757271
0.759271
0.761269
0.763271
0.765270
0.767195
0.769145
0.771146
0.773079
0.775023
0.776960
0.778890
0.780836
0.782719
0.784600
0.786480
0.788360
0.790238
0.792126
0.794011
0.795892
0.797774
0.799562
0.801412
0.803221
0.805058
0.806889
0.808669
0.810478
0.812342
0.814118
0.815895
0.817674
0.819379
0.821123
0.822900
0.824644
0.826349
0.828120
0.829805
0.831488
0.833235
0.834956
0.836638
0.838306
0.839905
0.841582
0.843266
0.844904
0.846532
0.848206
0.849802
0.851403
0.853001
0.854599
0.856200
0.857798
0.859334
0.860902
0.862477
0.863999
0.865523
0.867044
0.868566
0.870092
0.871615
0.873139
0.874633
0.876088
0.877540
0.879041
0.880539
0.881993
0.883386
0.884813
0.886255
0.887646
0.889083
0.890512
0.891902
0.893240
0.894599
0.895989
0.897325
0.898688
0.900078
0.901409
0.902712
0.903991
0.905321
0.906626
0.907903
0.909182
0.910461
0.911741
0.912984
0.914218
0.915447
0.916677
0.917910
0.919142
0.920359
0.921543
0.922727
0.923911
0.925056
0.926205
0.927388
0.928532
0.929635
0.930766
0.931910
0.933015
0.934113
0.935181
0.936256
0.937358
0.938430
0.939461
0.940493
0.941528
0.942560
0.943592
0.944605
0.945605
0.946604
0.947602
0.948582
0.949550
0.950503
0.951444
0.952374
0.953287
0.954200
0.955114
0.956028
0.956919
0.957809
0.958681
0.959548
0.960415
0.961280
0.962137
0.962958
0.963778
0.964583
0.965384
0.966179
0.966957
0.967735
0.968503
0.969265
0.970026
0.970754
0.971482
0.972205
0.972916
0.973627
0.974325
0.975007
0.975690
0.976357
0.977010
0.977663
0.978304
0.978932
0.979561
0.980179
0.980772
0.981366
0.981959
0.982532
0.983103
0.983675
0.984226
0.984751
0.985276
0.985802
0.986306
0.986799
0.987291
0.987784
0.988256
0.988713
0.989170
0.989627
0.990076
0.990486
0.990897
0.991307
0.991718
0.992112
0.992472
0.992832
0.993192
0.993552
0.993912
0.994230
0.994534
0.994839
0.995143
0.995448
0.995752
0.996044
0.996277
0.996511
0.996745
0.996978
0.997212
0.997446
0.997679
0.997913
0.998061
0.998158
0.998255
0.998352
0.998449
0.998546
0.998643
0.998740
0.998837
0.998934
0.999031
0.999128
0.999224
0.999321
0.999418
0.999515
0.999612
0.999709
0.999806
0.999903
1.000000
