1024
-0.999903
-0.999806
-0.999709
-0.999612
-0.999515
-0.999418
-0.999321
-0.999224
-0.999127
-0.999030
-0.998933
-0.998836
-0.998739
-0.998642
-0.998545
-0.998448
-0.998351
-0.998254
-0.998157
-0.998060
-0.997911
-0.997677
-0.997444
-0.997210
-0.996977
-0.996743
-0.996509
-0.996276
-0.996042
-0.995750
-0.995445
-0.995141
-0.994836
-0.994532
-0.994227
-0.993907
-0.993544
-0.993181
-0.992817
-0.992454
-0.992091
-0.991692
-0.991282
-0.990872
-0.990462
-0.990051
-0.989605
-0.989154
-0.988703
-0.988251
-0.987782
-0.987290
-0.986798
-0.986306
-0.985798
-0.985265
-0.984732
-0.984199
-0.983648
-0.983087
-0.982525
-0.981962
-0.981370
-0.980779
-0.980187
-0.979571
-0.978944
-0.978317
-0.977676
-0.977022
-0.976368
-0.975702
-0.975021
-0.974341
-0.973645
-0.972935
-0.972224
-0.971503
-0.970776
-0.970050
-0.969292
-0.968531
-0.967764
-0.966983
-0.966201
-0.965405
-0.964604
-0.963792
-0.962949
-0.962106
-0.961264
-0.960421
-0.959567
-0.958701
-0.957831
-0.956941
-0.956052
-0.955138
-0.954222
-0.953289
-0.952350
-0.951409
-0.950467
-0.949511
-0.948540
-0.947571
-0.946602
-0.945622
-0.944622
-0.943610
-0.942579
-0.941547
-0.940514
-0.939463
-0.938395
-0.937327
-0.936259
-0.935164
-0.934061
-0.932958
-0.931854
-0.930750
-0.929634
-0.928491
-0.927348
-0.926205
-0.925024
-0.923834
-0.922643
-0.921452
-0.920263
-0.919082
-0.917900
-0.916662
-0.915425
-0.914190
-0.912916
-0.911635
-0.910354
-0.909106
-0.907861
-0.906528
-0.905228
-0.903948
-0.902619
-0.901286
-0.899950
-0.898622
-0.897289
-0.895951
-0.894556
-0.893162
-0.891771
-0.890383
-0.888992
-0.887583
-0.886126
-0.884730
-0.883310
-0.881855
-0.880399
-0.878940
-0.877480
-0.876019
-0.874497
-0.873021
-0.871545
-0.870017
-0.868499
-0.866976
-0.865452
-0.863928
-0.862331
-0.860794
-0.859237
-0.857640
-0.856044
-0.854511
-0.852876
-0.851233
-0.849638
-0.848039
-0.846440
-0.844778
-0.843140
-0.841519
-0.839840
-0.838166
-0.836486
-0.834812
-0.833135
-0.831451
-0.829753
-0.827975
-0.826300
-0.824549
-0.822842
-0.821114
-0.819337
-0.817560
-0.815783
-0.814006
-0.812241
-0.810470
-0.808697
-0.806857
-0.805032
-0.803213
-0.801369
-0.799564
-0.797679
-0.795807
-0.794029
-0.792147
-0.790254
-0.788361
-0.786486
-0.784608
-0.782640
-0.780716
-0.778842
-0.776904
-0.774973
-0.773036
-0.771092
-0.769159
-0.767152
-0.765149
-0.763143
-0.761184
-0.759256
-0.757254
-0.755200
-0.753134
-0.751145
-0.749147
-0.747154
-0.745104
-0.743039
-0.740983
-0.738920
-0.736845
-0.734793
-0.732712
-0.730583
-0.728447
-0.726421
-0.724312
-0.722178
-0.720043
-0.717909
-0.715761
-0.713624
-0.711443
-0.709213
-0.707084
-0.704960
-0.702749
-0.700565
-0.698433
-0.696161
-0.694018
-0.691745
-0.689580
-0.687292
-0.685068
-0.682857
-0.680581
-0.678302
-0.676151
-0.673867
-0.671587
-0.669298
-0.667013
-0.664731
-0.662446
-0.660163
-0.657869
-0.655456
-0.653176
-0.650887
-0.648495
-0.646174
-0.643872
-0.641451
-0.639099
-0.636728
-0.634437
-0.632008
-0.629578
-0.627241
-0.624862
-0.622467
-0.620008
-0.617701
-0.615244
-0.612788
-0.610333
-0.608035
-0.605579
-0.603119
-0.600656
-0.598200
-0.595731
-0.593267
-0.590811
-0.588351
-0.585876
-0.583259
-0.580801
-0.578350
-0.575889
-0.573287
-0.570830
-0.568230
-0.565755
-0.563236
-0.560680
-0.558220
-0.555600
-0.553058
-0.550513
-0.547899
-0.545394
-0.542823
-0.540228
-0.537594
-0.535059
-0.532383
-0.529880
-0.527216
-0.524547
-0.522053
-0.519394
-0.516729
-0.514061
-0.511554
-0.508870
-0.506198
-0.503529
-0.500850
-0.498188
-0.495517
-0.492842
-0.490172
-0.487501
-0.484836
-0.482160
-0.479496
-0.476823
-0.473993
-0.471334
-0.468669
-0.466007
-0.463168
-0.460502
-0.457830
-0.455009
-0.452329
-0.449625
-0.446810
-0.444136
-0.441297
-0.438503
-0.435793
-0.433035
-0.430278
-0.427442
-0.424674
-0.421939
-0.419108
-0.416311
-0.413580
-0.410777
-0.407937
-0.405113
-0.402300
-0.399575
-0.396675
-0.393952
-0.391039
-0.388279
-0.385394
-0.382615
-0.379768
-0.376869
-0.374144
-0.371240
-0.368330
-0.365599
-0.362702
-0.359792
-0.356966
-0.354133
-0.351219
-0.348304
-0.345398
-0.342491
-0.339758
-0.336845
-0.333938
-0.331027
-0.328112
-0.325201
-0.322291
-0.319387
-0.316477
-0.313572
-0.310659
-0.307750
-0.304843
-0.301927
-0.299025
-0.296123
-0.293124
-0.290111
-0.287208
-0.284296
-0.281390
-0.278490
-0.275399
-0.272486
-0.269578
-0.266678
-0.263600
-0.260705
-0.257803
-0.254775
-0.251797
-0.248891
-0.245978
-0.242893
-0.239992
-0.236985
-0.233985
-0.230977
-0.227980
-0.225073
-0.221974
-0.219067
-0.215971
-0.213061
-0.209972
-0.207061
-0.203976
-0.201070
-0.197974
-0.195049
-0.191955
-0.188956
-0.185960
-0.182962
-0.179946
-0.176939
-0.173945
-0.170859
-0.167763
-0.164855
-0.161756
-0.158736
-0.155737
-0.152673
-0.149743
-0.146671
-0.143574
-0.140531
-0.137541
-0.134502
-0.131404
-0.128345
-0.125349
-0.122301
-0.119208
-0.116129
-0.113133
-0.110120
-0.107026
-0.103936
-0.100926
-0.097925
-0.094841
-0.091751
-0.088731
-0.085729
-0.082665
-0.079572
-0.076539
-0.073395
-0.070324
-0.067323
-0.064296
-0.061211
-0.058117
-0.055124
-0.051930
-0.048914
-0.045914
-0.042836
-0.039746
-0.036728
-0.033577
-0.030542
-0.027548
-0.024486
-0.021332
-0.018297
-0.015201
-0.012116
-0.009118
-0.005926
-0.002915
0.000077
0.003153
0.006262
0.009330
0.012432
0.015476
0.018468
0.021670
0.024682
0.027716
0.030808
0.033884
0.036886
0.040074
0.043084
0.046093
0.049173
0.052274
0.055322
0.058436
0.061475
0.064476
0.067524
0.070614
0.073683
0.076798
0.079875
0.082871
0.085880
0.088971
0.092067
0.095077
0.098066
0.101160
0.104259
0.107280
0.110289
0.113358
0.116452
0.119499
0.122499
0.125554
0.128645
0.131710
0.134707
0.137725
0.140814
0.143892
0.146876
0.149887
0.152873
0.155884
0.158973
0.162067
0.165080
0.168071
0.171079
0.174086
0.177165
0.180074
0.183158
0.186240
0.189155
0.192256
0.195163
0.198257
0.201282
0.204259
0.207284
0.210254
0.213278
0.216251
0.219160
0.222247
0.225155
0.228243
0.231153
0.234252
0.237170
0.240102
0.243192
0.246111
0.249133
0.252113
0.255028
0.257942
0.261041
0.263956
0.266871
0.269764
0.272849
0.275763
0.278676
0.281586
0.284670
0.287582
0.290497
0.293404
0.296309
0.299208
0.302124
0.305045
0.307948
0.311040
0.313955
0.316853
0.319757
0.322665
0.325443
0.328301
0.331213
0.334118
0.337033
0.339941
0.342836
0.345759
0.348651
0.351427
0.354276
0.357177
0.360089
0.362917
0.365729
0.368642
0.371429
0.374289
0.377198
0.379944
0.382836
0.385748
0.388461
0.391371
0.394105
0.397020
0.399763
0.402593
0.405366
0.408255
0.411001
0.413749
0.416590
0.419363
0.422088
0.424906
0.427718
0.430455
0.433252
0.435914
0.438748
0.441556
0.444267
0.447002
0.449752
0.452461
0.455271
0.457955
0.460672
0.463448
0.466108
0.468855
0.471626
0.474287
0.476951
0.479618
0.482312
0.485117
0.487779
0.490448
0.493117
0.495794
0.498459
0.501126
0.503790
0.506285
0.508945
0.511620
0.514289
0.516953
0.519496
0.522135
0.524805
0.527353
0.529972
0.532599
0.535143
0.537813
0.540314
0.542987
0.545535
0.548148
0.550668
0.553237
0.555835
0.558338
0.560915
0.563373
0.565999
0.568461
0.571003
0.573532
0.575997
0.578502
0.581080
0.583548
0.586016
0.588476
0.590943
0.593406
0.595859
0.598318
0.600779
0.603239
0.605697
0.608152
0.610615
0.612993
0.615372
0.617838
0.620282
0.622615
0.625080
0.627435
0.629856
0.632161
0.634614
0.636996
0.639283
0.641680
0.643982
0.646418
0.648701
0.650986
0.653367
0.655699
0.657985
0.660271
0.662557
0.664839
0.667124
0.669412
0.671697
0.673973
0.676262
0.678546
0.680767
0.682961
0.685244
0.687428
0.689673
0.691952
0.694101
0.696363
0.698532
0.700765
0.702896
0.705095
0.707288
0.709420
0.711553
0.713681
0.715812
0.717941
0.720077
0.722214
0.724345
0.726477
0.728601
0.730686
0.732729
0.734854
0.736924
0.738978
0.741036
0.743101
0.745156
0.747157
0.749236
0.751288
0.753285
0.755282
0.757283
0.759278
0.761278
0.763276
0.765274
0.767199
0.769150
0.771152
0.773083
0.775023
0.776964
0.778900
0.780842
0.782717
0.784596
0.786477
0.788362
0.790248
0.792132
0.794014
0.795895
0.797770
0.799563
0.801418
0.803223
0.805061
0.806893
0.808667
0.810467
0.812330
0.814111
0.815883
0.817662
0.819358
0.821098
0.822876
0.824621
0.826328
0.828096
0.829785
0.831465
0.833214
0.834942
0.836623
0.838286
0.839886
0.841570
0.843253
0.844887
0.846513
0.848190
0.849789
0.851389
0.852989
0.854585
0.856175
0.857777
0.859310
0.860875
0.862450
0.863965
0.865484
0.867007
0.868531
0.870052
0.871576
0.873103
0.874601
0.876057
0.877516
0.879018
0.880520
0.881983
0.883373
0.884797
0.886238
0.887630
0.889067
0.890497
0.891884
0.893216
0.894570
0.895964
0.897295
0.898655
0.900046
0.901380
0.902686
0.903966
0.905298
0.906605
0.907882
0.909165
0.910448
0.911731
0.912968
0.914195
0.915428
0.916659
0.917889
0.919122
0.920343
0.921530
0.922715
0.923900
0.925046
0.926196
0.927384
0.928532
0.929636
0.930765
0.931907
0.933011
0.934108
0.935173
0.936246
0.937349
0.938423
0.939455
0.940488
0.941523
0.942557
0.943591
0.944603
0.945602
0.946602
0.947603
0.948586
0.949557
0.950513
0.951456
0.952387
0.953303
0.954218
0.955129
0.956039
0.956929
0.957820
0.958687
0.959548
0.960412
0.961278
0.962136
0.962953
0.963771
0.964575
0.965374
0.966169
0.966952
0.967735
0.968505
0.969268
0.970030
0.970757
0.971484
0.972207
0.972917
0.973628
0.974324
0.975004
0.975684
0.976350
0.977004
0.977658
0.978298
0.978925
0.979552
0.980168
0.980761
0.981353
0.981945
0.982520
0.983093
0.983667
0.984220
0.984744
0.985269
0.985794
0.986299
0.986791
0.987283
0.987775
0.988248
0.988706
0.989164
0.989622
0.990072
0.990483
0.990894
0.991305
0.991717
0.992112
0.992471
0.992831
0.993190
0.993549
0.993909
0.994227
0.994532
0.994837
0.995142
0.995447
0.995752
0.996043
0.996277
0.996510
0.996744
0.996978
0.997211
0.997445
0.997679
0.997912
0.998061
0.998158
0.998255
0.998352
0.998449
0.998546
0.998643
0.998739
0.998837
0.998933
0.999030
0.999127
0.999224
0.999321
0.999418
0.999515
0.999612
0.999709
0.999806
0.999903
1.000000
