1024
-0.999903
-0.999806
-0.999709
-0.999612
-0.999515
-0.999418
-0.999321
-0.999224
-0.999128
-0.999031
-0.998934
-0.998837
-0.998740
-0.998643
-0.998546
-0.998449
-0.998352
-0.998255
-0.998158
-0.998061
-0.997914
-0.997680
-0.997447
-0.997213
-0.996980
-0.996746
-0.996513
-0.996279
-0.996046
-0.995755
-0.995450
-0.995145
-0.994840
-0.994534
-0.994229
-0.993910
-0.993546
-0.993182
-0.992817
-0.992453
-0.992089
-0.991691
-0.991281
-0.990872
-0.990462
-0.990053
-0.989607
-0.989156
-0.988705
-0.988254
-0.987786
-0.987295
-0.986804
-0.986313
-0.985807
-0.985273
-0.984739
-0.984206
-0.983655
-0.983093
-0.982531
-0.981968
-0.981376
-0.980783
-0.980191
-0.979573
-0.978944
-0.978314
-0.977673
-0.977021
-0.976368
-0.975703
-0.975023
-0.974342
-0.973646
-0.972935
-0.972224
-0.971500
-0.970769
-0.970039
-0.969279
-0.968518
-0.967750
-0.966971
-0.966192
-0.965396
-0.964594
-0.963782
-0.962939
-0.962096
-0.961252
-0.960408
-0.959554
-0.958690
-0.957820
-0.956930
-0.956040
-0.955126
-0.954211
-0.953276
-0.952334
-0.951390
-0.950445
-0.949488
-0.948521
-0.947552
-0.946582
-0.945600
-0.944600
-0.943587
-0.942554
-0.941521
-0.940488
-0.939435
-0.938364
-0.937296
-0.936231
-0.935139
-0.934040
-0.932933
-0.931826
-0.930723
-0.929606
-0.928460
-0.927317
-0.926175
-0.924997
-0.923813
-0.922627
-0.921442
-0.920256
-0.919067
-0.917874
-0.916647
-0.915419
-0.914190
-0.912916
-0.911633
-0.910350
-0.909104
-0.907861
-0.906529
-0.905228
-0.903945
-0.902612
-0.901282
-0.899953
-0.898619
-0.897285
-0.895951
-0.894556
-0.893163
-0.891769
-0.890373
-0.888979
-0.887569
-0.886119
-0.884725
-0.883304
-0.881849
-0.880393
-0.878940
-0.877490
-0.876042
-0.874520
-0.873037
-0.871557
-0.870032
-0.868514
-0.866988
-0.865460
-0.863934
-0.862327
-0.860790
-0.859233
-0.857636
-0.856045
-0.854518
-0.852886
-0.851239
-0.849640
-0.848041
-0.846433
-0.844768
-0.843129
-0.841503
-0.839815
-0.838132
-0.836451
-0.834765
-0.833079
-0.831394
-0.829688
-0.827909
-0.826229
-0.824470
-0.822759
-0.821020
-0.819241
-0.817462
-0.815677
-0.813904
-0.812121
-0.810346
-0.808565
-0.806714
-0.804893
-0.803062
-0.801226
-0.799412
-0.797528
-0.795667
-0.793879
-0.791986
-0.790097
-0.788214
-0.786327
-0.784448
-0.782481
-0.780568
-0.778687
-0.776732
-0.774806
-0.772862
-0.770937
-0.768999
-0.767004
-0.765012
-0.763017
-0.761075
-0.759136
-0.757126
-0.755063
-0.752995
-0.750996
-0.749000
-0.747002
-0.744930
-0.742868
-0.740795
-0.738744
-0.736659
-0.734613
-0.732515
-0.730376
-0.728233
-0.726228
-0.724115
-0.721978
-0.719843
-0.717718
-0.715599
-0.713463
-0.711285
-0.709073
-0.706944
-0.704815
-0.702590
-0.700418
-0.698284
-0.696004
-0.693860
-0.691590
-0.689421
-0.687133
-0.684920
-0.682695
-0.680410
-0.678132
-0.675985
-0.673699
-0.671409
-0.669131
-0.666837
-0.664545
-0.662261
-0.659980
-0.657669
-0.655253
-0.652970
-0.650690
-0.648294
-0.645988
-0.643673
-0.641269
-0.638926
-0.636583
-0.634293
-0.631844
-0.629420
-0.627061
-0.624698
-0.622292
-0.619846
-0.617511
-0.615046
-0.612591
-0.610145
-0.607835
-0.605379
-0.602928
-0.600465
-0.598010
-0.595551
-0.593105
-0.590652
-0.588193
-0.585714
-0.583126
-0.580660
-0.578201
-0.575724
-0.573122
-0.570665
-0.568051
-0.565578
-0.563045
-0.560499
-0.558029
-0.555414
-0.552879
-0.550354
-0.547747
-0.545219
-0.542671
-0.540067
-0.537434
-0.534884
-0.532228
-0.529726
-0.527068
-0.524398
-0.521893
-0.519225
-0.516561
-0.513900
-0.511395
-0.508727
-0.506066
-0.503402
-0.500729
-0.498051
-0.495399
-0.492725
-0.490062
-0.487391
-0.484719
-0.482056
-0.479379
-0.476717
-0.473891
-0.471223
-0.468561
-0.465886
-0.463058
-0.460385
-0.457691
-0.454879
-0.452210
-0.449502
-0.446713
-0.444039
-0.441204
-0.438401
-0.435698
-0.432957
-0.430212
-0.427378
-0.424593
-0.421861
-0.419032
-0.416216
-0.413492
-0.410696
-0.407834
-0.405009
-0.402182
-0.399444
-0.396527
-0.393809
-0.390908
-0.388171
-0.385279
-0.382507
-0.379625
-0.376702
-0.373965
-0.371054
-0.368148
-0.365408
-0.362507
-0.359598
-0.356803
-0.353977
-0.351078
-0.348167
-0.345238
-0.342328
-0.339604
-0.336699
-0.333785
-0.330873
-0.327961
-0.325060
-0.322161
-0.319264
-0.316364
-0.313453
-0.310530
-0.307615
-0.304715
-0.301809
-0.298899
-0.295988
-0.292992
-0.290000
-0.287090
-0.284182
-0.281266
-0.278365
-0.275277
-0.272371
-0.269459
-0.266554
-0.263467
-0.260554
-0.257642
-0.254617
-0.251645
-0.248747
-0.245819
-0.242740
-0.239824
-0.236808
-0.233841
-0.230821
-0.227837
-0.224914
-0.221831
-0.218917
-0.215843
-0.212955
-0.209871
-0.206966
-0.203874
-0.200968
-0.197884
-0.194974
-0.191891
-0.188871
-0.185884
-0.182876
-0.179891
-0.176886
-0.173892
-0.170815
-0.167738
-0.164828
-0.161737
-0.158722
-0.155713
-0.152647
-0.149711
-0.146658
-0.143575
-0.140532
-0.137515
-0.134468
-0.131366
-0.128289
-0.125287
-0.122256
-0.119158
-0.116072
-0.113065
-0.110053
-0.106962
-0.103863
-0.100863
-0.097876
-0.094789
-0.091681
-0.088647
-0.085656
-0.082601
-0.079505
-0.076466
-0.073340
-0.070284
-0.067290
-0.064275
-0.061181
-0.058101
-0.055087
-0.051891
-0.048883
-0.045880
-0.042787
-0.039689
-0.036653
-0.033504
-0.030445
-0.027447
-0.024406
-0.021254
-0.018226
-0.015141
-0.012051
-0.009037
-0.005846
-0.002817
0.000189
0.003262
0.006382
0.009438
0.012519
0.015560
0.018559
0.021762
0.024765
0.027778
0.030851
0.033942
0.036948
0.040137
0.043141
0.046139
0.049208
0.052316
0.055372
0.058495
0.061554
0.064551
0.067582
0.070674
0.073741
0.076833
0.079917
0.082914
0.085914
0.089002
0.092091
0.095094
0.098094
0.101170
0.104277
0.107285
0.110283
0.113347
0.116453
0.119495
0.122478
0.125509
0.128590
0.131664
0.134669
0.137710
0.140810
0.143898
0.146889
0.149910
0.152907
0.155911
0.159010
0.162103
0.165137
0.168144
0.171178
0.174187
0.177255
0.180180
0.183258
0.186345
0.189255
0.192352
0.195260
0.198345
0.201397
0.204363
0.207397
0.210361
0.213392
0.216364
0.219276
0.222367
0.225282
0.228385
0.231301
0.234385
0.237299
0.240232
0.243305
0.246206
0.249226
0.252192
0.255098
0.258013
0.261105
0.264005
0.266910
0.269819
0.272907
0.275811
0.278730
0.281629
0.284723
0.287636
0.290533
0.293433
0.296330
0.299238
0.302152
0.305055
0.307959
0.311045
0.313949
0.316864
0.319777
0.322682
0.325471
0.328336
0.331231
0.334140
0.337051
0.339966
0.342858
0.345749
0.348662
0.351440
0.354285
0.357185
0.360119
0.362962
0.365783
0.368686
0.371462
0.374328
0.377238
0.379979
0.382893
0.385796
0.388530
0.391436
0.394156
0.397076
0.399825
0.402657
0.405437
0.408319
0.411071
0.413815
0.416646
0.419432
0.422159
0.424984
0.427821
0.430552
0.433333
0.436002
0.438838
0.441634
0.444324
0.447078
0.449820
0.452518
0.455315
0.457975
0.460708
0.463490
0.466146
0.468891
0.471649
0.474307
0.476963
0.479631
0.482335
0.485129
0.487794
0.490467
0.493132
0.495789
0.498450
0.501117
0.503786
0.506292
0.508947
0.511607
0.514267
0.516933
0.519473
0.522095
0.524763
0.527320
0.529935
0.532552
0.535097
0.537761
0.540256
0.542920
0.545461
0.548079
0.550576
0.553148
0.555747
0.558249
0.560837
0.563304
0.565923
0.568389
0.570912
0.573470
0.575935
0.578434
0.581021
0.583474
0.585933
0.588388
0.590842
0.593303
0.595774
0.598232
0.600694
0.603159
0.605634
0.608095
0.610559
0.612952
0.615331
0.617781
0.620235
0.622568
0.625026
0.627381
0.629799
0.632102
0.634578
0.636977
0.639264
0.641677
0.643989
0.646416
0.648702
0.650984
0.653360
0.655688
0.657976
0.660263
0.662546
0.664833
0.667119
0.669405
0.671687
0.673983
0.676270
0.678559
0.680797
0.683010
0.685300
0.687483
0.689735
0.692025
0.694173
0.696427
0.698595
0.700822
0.702957
0.705172
0.707361
0.709486
0.711615
0.713759
0.715891
0.718041
0.720176
0.722313
0.724443
0.726569
0.728704
0.730785
0.732834
0.734972
0.737043
0.739116
0.741167
0.743236
0.745283
0.747279
0.749365
0.751404
0.753402
0.755402
0.757398
0.759400
0.761396
0.763403
0.765401
0.767317
0.769274
0.771266
0.773196
0.775152
0.777088
0.779031
0.780969
0.782853
0.784735
0.786616
0.788499
0.790377
0.792251
0.794133
0.796007
0.797888
0.799679
0.801541
0.803345
0.805193
0.807014
0.808786
0.810595
0.812450
0.814227
0.816005
0.817779
0.819476
0.821230
0.823017
0.824756
0.826461
0.828226
0.829910
0.831592
0.833354
0.835079
0.836763
0.838420
0.840019
0.841710
0.843395
0.845025
0.846659
0.848329
0.849927
0.851523
0.853120
0.854719
0.856321
0.857920
0.859448
0.861017
0.862583
0.864103
0.865627
0.867150
0.868674
0.870197
0.871720
0.873239
0.874726
0.876181
0.877633
0.879138
0.880632
0.882085
0.883478
0.884910
0.886351
0.887745
0.889185
0.890606
0.891991
0.893325
0.894690
0.896083
0.897414
0.898778
0.900162
0.901492
0.902791
0.904074
0.905407
0.906710
0.907988
0.909264
0.910543
0.911825
0.913063
0.914295
0.915528
0.916760
0.917992
0.919222
0.920432
0.921609
0.922794
0.923982
0.925123
0.926273
0.927459
0.928602
0.929708
0.930838
0.931976
0.933079
0.934176
0.935244
0.936325
0.937435
0.938507
0.939539
0.940570
0.941600
0.942632
0.943664
0.944673
0.945672
0.946671
0.947672
0.948651
0.949619
0.950573
0.951516
0.952446
0.953362
0.954277
0.955191
0.956102
0.956992
0.957882
0.958749
0.959612
0.960476
0.961339
0.962193
0.963016
0.963839
0.964643
0.965442
0.966236
0.967018
0.967800
0.968567
0.969329
0.970087
0.970813
0.971539
0.972261
0.972973
0.973684
0.974379
0.975059
0.975739
0.976402
0.977055
0.977708
0.978345
0.978971
0.979597
0.980211
0.980804
0.981397
0.981990
0.982561
0.983132
0.983703
0.984251
0.984775
0.985298
0.985822
0.986324
0.986815
0.987306
0.987797
0.988269
0.988726
0.989184
0.989641
0.990089
0.990500
0.990911
0.991322
0.991733
0.992126
0.992485
0.992844
0.993203
0.993562
0.993921
0.994237
0.994541
0.994846
0.995150
0.995454
0.995758
0.996048
0.996282
0.996515
0.996748
0.996982
0.997215
0.997449
0.997682
0.997916
0.998062
0.998159
0.998256
0.998353
0.998450
0.998547
0.998644
0.998740
0.998837
0.998934
0.999031
0.999128
0.999225
0.999322
0.999419
0.999516
0.999613
0.999709
0.999806
0.999903
1.000000
