1024
-0.989066
-0.898133
-0.863199
-0.860266
-0.853332
-0.818398
-0.803465
-0.800531
-0.769598
-0.754664
-0.747730
-0.744797
-0.713863
-0.710930
-0.687996
-0.685063
-0.614129
-0.571195
-0.568262
-0.557328
-0.542395
-0.519461
-0.516527
-0.453594
-0.442660
-0.419727
-0.416793
-0.413859
-0.298926
-0.251997
-0.251020
-0.250042
-0.249064
-0.248086
-0.245324
-0.202391
-0.143457
-0.140523
-0.105590
-0.082656
-0.075723
-0.072789
-0.029855
-0.026922
-0.023988
-0.021055
-0.014121
-0.007187
-0.004254
-0.001320
0.013613
0.016547
0.019481
0.034414
0.057348
0.072141
0.073607
0.075074
0.077082
0.092016
0.094949
0.117883
0.152817
0.155750
0.158684
0.164809
0.166276
0.167742
0.170418
0.173352
0.176143
0.177609
0.179076
0.185086
0.204020
0.206953
0.208472
0.209205
0.209939
0.210672
0.211405
0.212555
0.215488
0.218422
0.225356
0.236289
0.239223
0.258156
0.272545
0.274012
0.275479
0.281891
0.284824
0.287758
0.294691
0.297625
0.300279
0.301746
0.303213
0.304680
0.306147
0.307613
0.330160
0.333094
0.344014
0.345481
0.346947
0.368828
0.371762
0.382695
0.389629
0.392563
0.395496
0.410430
0.417363
0.440148
0.441615
0.443082
0.457098
0.468031
0.470965
0.473899
0.476832
0.479766
0.482699
0.501633
0.516283
0.517750
0.519217
0.521367
0.524150
0.525617
0.527084
0.529102
0.532035
0.534969
0.544476
0.545209
0.545942
0.546676
0.547409
0.556570
0.559504
0.562438
0.565371
0.580305
0.583238
0.589086
0.590553
0.592039
0.594973
0.601906
0.608840
0.611773
0.620903
0.621880
0.622858
0.623836
0.634442
0.641375
0.644309
0.647242
0.653088
0.654555
0.656022
0.657488
0.658955
0.660844
0.663777
0.670711
0.677645
0.680289
0.681756
0.683223
0.685379
0.692156
0.693623
0.695090
0.697114
0.700012
0.700745
0.701479
0.702212
0.702945
0.703679
0.705649
0.708194
0.709172
0.710150
0.711128
0.712106
0.713084
0.714061
0.715039
0.716026
0.717492
0.718959
0.720852
0.723785
0.725360
0.726826
0.728586
0.731520
0.741227
0.742694
0.744107
0.745085
0.746063
0.747041
0.748027
0.749494
0.750961
0.752214
0.752947
0.753681
0.754414
0.755148
0.755881
0.757229
0.758695
0.760108
0.761086
0.762064
0.763042
0.764020
0.764997
0.765975
0.766953
0.767931
0.770727
0.772830
0.774297
0.775764
0.778461
0.780697
0.782164
0.783631
0.789098
0.790565
0.792031
0.793498
0.794965
0.796864
0.799797
0.800910
0.801888
0.802866
0.803844
0.804822
0.805800
0.806777
0.807755
0.808733
0.809711
0.810689
0.811667
0.812645
0.813622
0.814600
0.815578
0.820556
0.821534
0.822512
0.823490
0.832201
0.832620
0.833039
0.833458
0.833877
0.834296
0.834715
0.835134
0.835553
0.835972
0.837369
0.838836
0.840303
0.841770
0.843236
0.844201
0.844620
0.845039
0.845458
0.845877
0.846296
0.846716
0.847135
0.847554
0.847973
0.849371
0.850838
0.852102
0.852591
0.853080
0.853569
0.854057
0.854546
0.855035
0.855524
0.856020
0.856753
0.857486
0.858220
0.858953
0.859687
0.861680
0.864205
0.865182
0.866160
0.867138
0.868116
0.869094
0.870072
0.871050
0.876021
0.876754
0.877487
0.878221
0.878954
0.879688
0.880561
0.881539
0.882517
0.883495
0.884473
0.885451
0.886428
0.887406
0.889153
0.892043
0.893510
0.894977
0.896443
0.897910
0.899377
0.900241
0.900660
0.901079
0.901498
0.901917
0.902337
0.902756
0.903175
0.903594
0.904010
0.904336
0.904662
0.904988
0.905314
0.905640
0.905966
0.906292
0.906618
0.906944
0.907270
0.907596
0.907921
0.908445
0.909032
0.909619
0.910206
0.910792
0.911379
0.911966
0.912460
0.912949
0.913438
0.913927
0.914416
0.914905
0.915394
0.915883
0.916319
0.916738
0.917157
0.917576
0.917995
0.918414
0.918833
0.919252
0.919671
0.920058
0.920324
0.920591
0.920858
0.921124
0.921391
0.921658
0.921924
0.922191
0.922458
0.922724
0.922991
0.923258
0.923525
0.923791
0.924046
0.924255
0.924465
0.924674
0.924884
0.925093
0.925303
0.925512
0.925722
0.925931
0.926141
0.926351
0.926560
0.926770
0.926979
0.927189
0.927398
0.927608
0.927817
0.928034
0.928301
0.928568
0.928834
0.929101
0.929368
0.929634
0.929901
0.930168
0.930434
0.930701
0.930968
0.931234
0.931501
0.931768
0.932054
0.932473
0.932892
0.933311
0.933730
0.934150
0.934569
0.934988
0.935407
0.935826
0.936214
0.936581
0.936948
0.937315
0.937681
0.938048
0.938415
0.938781
0.939148
0.939515
0.939881
0.940284
0.940703
0.941122
0.941541
0.941960
0.942379
0.942798
0.943217
0.943636
0.944030
0.944256
0.944481
0.944707
0.944933
0.945158
0.945384
0.945609
0.945835
0.946061
0.946286
0.946512
0.946738
0.946963
0.947189
0.947415
0.947640
0.947866
0.948052
0.948179
0.948307
0.948434
0.948562
0.948690
0.948817
0.948945
0.949072
0.949200
0.949327
0.949455
0.949582
0.949710
0.949838
0.949965
0.950093
0.950220
0.950348
0.950475
0.950603
0.950730
0.950858
0.950985
0.951113
0.951241
0.951368
0.951496
0.951623
0.951751
0.951878
0.952010
0.952236
0.952462
0.952687
0.952913
0.953139
0.953364
0.953590
0.953816
0.954041
0.954267
0.954493
0.954718
0.954944
0.955170
0.955395
0.955621
0.955847
0.956063
0.956258
0.956454
0.956649
0.956845
0.957040
0.957236
0.957432
0.957627
0.957823
0.958018
0.958214
0.958409
0.958605
0.958801
0.958996
0.959192
0.959387
0.959583
0.959778
0.959974
0.960134
0.960288
0.960443
0.960597
0.960752
0.960906
0.961060
0.961215
0.961369
0.961524
0.961678
0.961832
0.961987
0.962141
0.962296
0.962450
0.962604
0.962759
0.962913
0.963068
0.963222
0.963376
0.963531
0.963685
0.963840
0.963994
0.964148
0.964303
0.964457
0.964612
0.964766
0.964920
0.965075
0.965229
0.965384
0.965538
0.965692
0.965847
0.966001
0.966156
0.966310
0.966464
0.966619
0.966773
0.966928
0.967082
0.967236
0.967391
0.967545
0.967700
0.967854
0.968009
0.968182
0.968354
0.968527
0.968699
0.968872
0.969045
0.969217
0.969390
0.969562
0.969735
0.969907
0.970080
0.970253
0.970425
0.970598
0.970770
0.970943
0.971115
0.971288
0.971461
0.971633
0.971806
0.971978
0.972142
0.972305
0.972468
0.972631
0.972794
0.972957
0.973120
0.973283
0.973446
0.973609
0.973772
0.973935
0.974098
0.974261
0.974424
0.974587
0.974750
0.974913
0.975076
0.975239
0.975402
0.975565
0.975728
0.975891
0.976054
0.976217
0.976380
0.976543
0.976706
0.976869
0.977032
0.977195
0.977358
0.977521
0.977684
0.977847
0.978010
0.978173
0.978336
0.978499
0.978662
0.978824
0.978987
0.979150
0.979313
0.979476
0.979639
0.979802
0.979965
0.980122
0.980276
0.980430
0.980585
0.980739
0.980894
0.981048
0.981202
0.981357
0.981511
0.981666
0.981820
0.981974
0.982129
0.982283
0.982438
0.982592
0.982746
0.982901
0.983055
0.983210
0.983364
0.983518
0.983673
0.983827
0.983982
0.984070
0.984149
0.984228
0.984308
0.984387
0.984466
0.984546
0.984625
0.984704
0.984783
0.984863
0.984942
0.985021
0.985101
0.985180
0.985259
0.985338
0.985418
0.985497
0.985576
0.985656
0.985735
0.985814
0.985893
0.985973
0.986052
0.986131
0.986211
0.986290
0.986369
0.986448
0.986528
0.986607
0.986686
0.986766
0.986845
0.986924
0.987003
0.987083
0.987162
0.987241
0.987321
0.987400
0.987479
0.987558
0.987638
0.987717
0.987796
0.987876
0.987955
0.988026
0.988086
0.988145
0.988205
0.988265
0.988325
0.988385
0.988445
0.988505
0.988565
0.988624
0.988684
0.988744
0.988804
0.988864
0.988924
0.988984
0.989044
0.989103
0.989163
0.989223
0.989283
0.989343
0.989403
0.989463
0.989523
0.989582
0.989642
0.989702
0.989762
0.989822
0.989882
0.989942
0.990001
0.990061
0.990121
0.990181
0.990241
0.990301
0.990361
0.990421
0.990480
0.990540
0.990600
0.990660
0.990720
0.990780
0.990840
0.990900
0.990959
0.991019
0.991079
0.991139
0.991199
0.991259
0.991319
0.991378
0.991438
0.991498
0.991558
0.991618
0.991678
0.991738
0.991798
0.991857
0.991917
0.991977
0.992026
0.992067
0.992108
0.992150
0.992191
0.992232
0.992274
0.992315
0.992356
0.992398
0.992439
0.992480
0.992521
0.992563
0.992604
0.992645
0.992687
0.992728
0.992769
0.992811
0.992852
0.992893
0.992935
0.992976
0.993017
0.993059
0.993100
0.993141
0.993183
0.993224
0.993265
0.993307
0.993348
0.993389
0.993430
0.993472
0.993513
0.993554
0.993596
0.993637
0.993678
0.993720
0.993761
0.993802
0.993844
0.993885
0.993926
0.993968
0.994009
0.994050
0.994092
0.994133
0.994174
0.994215
0.994257
0.994298
0.994339
0.994381
0.994422
0.994463
0.994505
0.994546
0.994587
0.994629
0.994670
0.994711
0.994753
0.994794
0.994835
0.994877
0.994918
0.994959
0.995001
0.995042
0.995083
0.995124
0.995166
0.995207
0.995248
0.995290
0.995331
0.995372
0.995414
0.995455
0.995496
0.995538
0.995579
0.995620
0.995662
0.995703
0.995744
0.995786
0.995827
0.995868
0.995910
0.995951
0.995992
0.996029
0.996065
0.996101
0.996136
0.996172
0.996208
0.996244
0.996279
0.996315
0.996351
0.996387
0.996423
0.996458
0.996494
0.996530
0.996566
0.996601
0.996637
0.996673
0.996709
0.996745
0.996780
0.996816
0.996852
0.996888
0.996923
0.996959
0.996995
0.997031
0.997066
0.997102
0.997138
0.997174
0.997210
0.997245
0.997281
0.997317
0.997353
0.997388
0.997424
0.997460
0.997496
0.997532
0.997567
0.997603
0.997639
0.997675
0.997710
0.997746
0.997782
0.997818
0.997854
0.997889
0.997925
0.997961
0.997997
0.998032
0.998068
0.998104
0.998140
0.998176
0.998211
0.998247
0.998283
0.998319
0.998354
0.998390
0.998426
0.998462
0.998497
0.998533
0.998569
0.998605
0.998641
0.998676
0.998712
0.998748
0.998784
0.998819
0.998855
0.998891
0.998927
0.998963
0.998998
0.999034
0.999070
0.999106
0.999141
0.999177
0.999213
0.999249
0.999285
0.999320
0.999356
0.999392
0.999428
0.999463
0.999499
0.999535
0.999571
0.999606
0.999642
0.999678
0.999714
0.999750
0.999785
0.999821
0.999857
0.999893
0.999928
0.999964
1.000000
