1024
-0.957494
-0.917823
-0.884802
-0.855469
-0.820336
-0.792090
-0.760140
-0.734350
-0.697603
-0.674229
-0.636431
-0.616542
-0.595516
-0.574070
-0.542008
-0.520700
-0.502710
-0.481609
-0.465415
-0.445486
-0.418526
-0.401385
-0.381683
-0.364725
-0.343246
-0.316729
-0.299740
-0.278792
-0.267432
-0.248009
-0.230170
-0.213667
-0.192618
-0.176277
-0.160235
-0.141479
-0.126469
-0.105757
-0.091940
-0.074084
-0.060622
-0.047743
-0.035226
-0.022947
-0.008899
0.009244
0.019810
0.032964
0.045859
0.055856
0.070258
0.083953
0.099020
0.108114
0.123768
0.133183
0.146285
0.156990
0.163102
0.173640
0.183318
0.192596
0.201165
0.210308
0.220810
0.228372
0.235973
0.243648
0.251510
0.260835
0.268884
0.278641
0.284985
0.293859
0.300790
0.310425
0.318727
0.329090
0.337221
0.344119
0.352271
0.357435
0.363135
0.368719
0.376041
0.381040
0.389301
0.398337
0.402802
0.407252
0.412537
0.417745
0.422423
0.428528
0.432419
0.437345
0.442454
0.447558
0.453355
0.457503
0.461463
0.466700
0.471508
0.476102
0.480122
0.484520
0.491469
0.496057
0.501413
0.506076
0.509970
0.514125
0.518715
0.522502
0.525874
0.529170
0.532648
0.536991
0.540774
0.544992
0.549076
0.553855
0.559254
0.563139
0.566734
0.570370
0.574233
0.577636
0.580818
0.584870
0.588282
0.592051
0.595111
0.598224
0.601857
0.605737
0.609120
0.612278
0.614955
0.618063
0.621408
0.624762
0.628299
0.631513
0.634181
0.637015
0.640393
0.643188
0.646337
0.649385
0.652150
0.654486
0.656924
0.659547
0.662216
0.664875
0.667498
0.670121
0.672629
0.674845
0.677207
0.679727
0.682292
0.684918
0.687652
0.689934
0.692186
0.694920
0.697318
0.699497
0.701831
0.704152
0.705866
0.707579
0.709732
0.712022
0.713885
0.715747
0.718096
0.720521
0.722946
0.724944
0.726613
0.728345
0.730386
0.732433
0.734506
0.736432
0.737981
0.739529
0.741467
0.743574
0.745508
0.747398
0.749068
0.750636
0.752249
0.754167
0.756063
0.757475
0.758888
0.760337
0.761924
0.763511
0.765308
0.767198
0.768949
0.770596
0.772200
0.773553
0.774906
0.776277
0.777721
0.779165
0.780646
0.782176
0.783706
0.785093
0.786446
0.787799
0.789140
0.790479
0.791818
0.793047
0.794260
0.795472
0.796844
0.798339
0.799833
0.801142
0.802427
0.803713
0.804978
0.806239
0.807499
0.808656
0.809745
0.810834
0.811924
0.813195
0.814480
0.815766
0.816964
0.818143
0.819323
0.820456
0.821527
0.822598
0.823669
0.824711
0.825739
0.826767
0.827795
0.828763
0.829715
0.830667
0.831619
0.832597
0.833594
0.834590
0.835587
0.836498
0.837349
0.838200
0.839052
0.839903
0.840843
0.841795
0.842747
0.843700
0.844628
0.845546
0.846465
0.847383
0.848257
0.849041
0.849824
0.850608
0.851392
0.852169
0.852925
0.853681
0.854437
0.855193
0.855950
0.856689
0.857428
0.858167
0.858905
0.859644
0.860427
0.861251
0.862075
0.862899
0.863723
0.864508
0.865273
0.866038
0.866803
0.867568
0.868325
0.869072
0.869820
0.870567
0.871314
0.872062
0.872813
0.873565
0.874317
0.875068
0.875820
0.876489
0.877131
0.877774
0.878417
0.879059
0.879702
0.880371
0.881062
0.881753
0.882444
0.883135
0.883826
0.884483
0.885129
0.885775
0.886421
0.887067
0.887712
0.888317
0.888888
0.889460
0.890031
0.890602
0.891173
0.891745
0.892302
0.892849
0.893396
0.893943
0.894490
0.895037
0.895584
0.896130
0.896672
0.897215
0.897757
0.898299
0.898842
0.899384
0.899926
0.900419
0.900904
0.901389
0.901874
0.902359
0.902844
0.903329
0.903814
0.904284
0.904745
0.905205
0.905666
0.906127
0.906587
0.907048
0.907509
0.907970
0.908408
0.908846
0.909283
0.909720
0.910157
0.910594
0.911031
0.911469
0.911906
0.912330
0.912750
0.913170
0.913590
0.914010
0.914430
0.914850
0.915270
0.915690
0.916095
0.916457
0.916819
0.917181
0.917543
0.917905
0.918267
0.918629
0.918991
0.919353
0.919715
0.920083
0.920470
0.920857
0.921244
0.921631
0.922018
0.922406
0.922793
0.923180
0.923567
0.923954
0.924312
0.924666
0.925020
0.925374
0.925729
0.926083
0.926437
0.926791
0.927145
0.927499
0.927853
0.928205
0.928555
0.928905
0.929255
0.929606
0.929956
0.930306
0.930656
0.931007
0.931357
0.931707
0.932053
0.932379
0.932704
0.933029
0.933355
0.933680
0.934005
0.934331
0.934656
0.934982
0.935307
0.935632
0.935958
0.936244
0.936525
0.936806
0.937086
0.937367
0.937648
0.937928
0.938209
0.938489
0.938770
0.939051
0.939331
0.939612
0.939893
0.940176
0.940461
0.940746
0.941031
0.941316
0.941601
0.941886
0.942171
0.942456
0.942741
0.943026
0.943311
0.943596
0.943881
0.944148
0.944403
0.944657
0.944912
0.945166
0.945421
0.945675
0.945930
0.946184
0.946439
0.946693
0.946948
0.947202
0.947457
0.947711
0.947966
0.948197
0.948424
0.948652
0.948879
0.949107
0.949334
0.949562
0.949789
0.950017
0.950244
0.950472
0.950699
0.950927
0.951154
0.951382
0.951609
0.951837
0.952056
0.952252
0.952448
0.952644
0.952840
0.953037
0.953233
0.953429
0.953625
0.953822
0.954018
0.954214
0.954410
0.954607
0.954803
0.954999
0.955195
0.955391
0.955588
0.955784
0.955980
0.956184
0.956389
0.956593
0.956798
0.957003
0.957207
0.957412
0.957617
0.957821
0.958026
0.958231
0.958435
0.958640
0.958845
0.959049
0.959254
0.959459
0.959663
0.959868
0.960060
0.960231
0.960401
0.960572
0.960742
0.960913
0.961083
0.961254
0.961424
0.961595
0.961765
0.961936
0.962106
0.962276
0.962447
0.962617
0.962788
0.962958
0.963129
0.963299
0.963470
0.963640
0.963811
0.963981
0.964140
0.964298
0.964455
0.964613
0.964770
0.964928
0.965085
0.965243
0.965400
0.965558
0.965715
0.965873
0.966030
0.966188
0.966345
0.966503
0.966660
0.966818
0.966975
0.967133
0.967290
0.967448
0.967605
0.967763
0.967921
0.968073
0.968220
0.968368
0.968515
0.968663
0.968810
0.968957
0.969105
0.969252
0.969400
0.969547
0.969694
0.969842
0.969989
0.970137
0.970284
0.970431
0.970579
0.970726
0.970873
0.971021
0.971168
0.971316
0.971463
0.971611
0.971758
0.971905
0.972045
0.972171
0.972298
0.972424
0.972550
0.972677
0.972803
0.972929
0.973055
0.973181
0.973308
0.973434
0.973560
0.973687
0.973813
0.973939
0.974065
0.974192
0.974318
0.974444
0.974570
0.974697
0.974823
0.974949
0.975075
0.975202
0.975328
0.975454
0.975580
0.975707
0.975833
0.975959
0.976077
0.976190
0.976304
0.976417
0.976531
0.976645
0.976758
0.976872
0.976985
0.977099
0.977212
0.977326
0.977439
0.977553
0.977666
0.977780
0.977894
0.978007
0.978121
0.978234
0.978348
0.978461
0.978575
0.978688
0.978802
0.978915
0.979029
0.979143
0.979256
0.979370
0.979483
0.979597
0.979710
0.979824
0.979937
0.980040
0.980131
0.980221
0.980311
0.980401
0.980491
0.980581
0.980671
0.980761
0.980851
0.980941
0.981031
0.981121
0.981211
0.981301
0.981392
0.981482
0.981572
0.981662
0.981752
0.981842
0.981932
0.982022
0.982112
0.982202
0.982292
0.982382
0.982472
0.982562
0.982653
0.982743
0.982833
0.982923
0.983013
0.983103
0.983193
0.983283
0.983373
0.983463
0.983553
0.983643
0.983733
0.983823
0.983913
0.984003
0.984079
0.984154
0.984230
0.984305
0.984381
0.984456
0.984532
0.984607
0.984683
0.984759
0.984834
0.984910
0.984985
0.985061
0.985136
0.985212
0.985288
0.985363
0.985439
0.985514
0.985590
0.985665
0.985741
0.985816
0.985892
0.985968
0.986043
0.986119
0.986194
0.986270
0.986345
0.986421
0.986496
0.986572
0.986648
0.986723
0.986799
0.986874
0.986950
0.987025
0.987101
0.987177
0.987252
0.987328
0.987403
0.987479
0.987554
0.987630
0.987705
0.987781
0.987857
0.987932
0.988007
0.988072
0.988138
0.988204
0.988269
0.988335
0.988400
0.988466
0.988532
0.988597
0.988663
0.988728
0.988794
0.988860
0.988925
0.988991
0.989056
0.989122
0.989188
0.989253
0.989319
0.989385
0.989450
0.989516
0.989581
0.989647
0.989713
0.989778
0.989844
0.989909
0.989975
0.990041
0.990106
0.990172
0.990237
0.990303
0.990369
0.990434
0.990500
0.990566
0.990631
0.990697
0.990762
0.990828
0.990894
0.990959
0.991025
0.991090
0.991156
0.991222
0.991287
0.991353
0.991418
0.991484
0.991550
0.991615
0.991681
0.991747
0.991812
0.991878
0.991943
0.992007
0.992057
0.992108
0.992158
0.992209
0.992259
0.992310
0.992360
0.992411
0.992461
0.992511
0.992562
0.992612
0.992663
0.992713
0.992764
0.992814
0.992864
0.992915
0.992965
0.993016
0.993066
0.993117
0.993167
0.993218
0.993268
0.993318
0.993369
0.993419
0.993470
0.993520
0.993571
0.993621
0.993672
0.993722
0.993773
0.993823
0.993873
0.993924
0.993974
0.994025
0.994075
0.994126
0.994176
0.994226
0.994277
0.994327
0.994378
0.994428
0.994479
0.994529
0.994580
0.994630
0.994681
0.994731
0.994781
0.994832
0.994882
0.994933
0.994983
0.995034
0.995084
0.995134
0.995185
0.995235
0.995286
0.995336
0.995387
0.995437
0.995488
0.995538
0.995588
0.995639
0.995689
0.995740
0.995790
0.995841
0.995891
0.995942
0.995992
0.996034
0.996075
0.996115
0.996156
0.996196
0.996236
0.996277
0.996317
0.996358
0.996398
0.996439
0.996479
0.996520
0.996560
0.996601
0.996641
0.996682
0.996722
0.996763
0.996803
0.996843
0.996884
0.996924
0.996965
0.997005
0.997046
0.997086
0.997127
0.997167
0.997208
0.997248
0.997289
0.997329
0.997370
0.997410
0.997450
0.997491
0.997531
0.997572
0.997612
0.997653
0.997693
0.997734
0.997774
0.997815
0.997855
0.997896
0.997936
0.997977
0.998017
0.998057
0.998098
0.998138
0.998179
0.998219
0.998260
0.998300
0.998341
0.998381
0.998422
0.998462
0.998503
0.998543
0.998584
0.998624
0.998664
0.998705
0.998745
0.998786
0.998826
0.998867
0.998907
0.998948
0.998988
0.999029
0.999069
0.999110
0.999150
0.999191
0.999231
0.999272
0.999312
0.999353
0.999393
0.999434
0.999474
0.999514
0.999555
0.999595
0.999636
0.999676
0.999717
0.999757
0.999798
0.999838
0.999879
0.999919
0.999960
1.000000
