1024
-0.215949
-0.215898
-0.215848
-0.215797
-0.215746
-0.215695
-0.215644
-0.215594
-0.215543
-0.215492
-0.215441
-0.215391
-0.215340
-0.215289
-0.215238
-0.215187
-0.215137
-0.215086
-0.215035
-0.214984
-0.214934
-0.214883
-0.214832
-0.214781
-0.214730
-0.214680
-0.214629
-0.214578
-0.214527
-0.214477
-0.214426
-0.214375
-0.214324
-0.214273
-0.214223
-0.214172
-0.214121
-0.214070
-0.214019
-0.213969
-0.213918
-0.213867
-0.213816
-0.213766
-0.213715
-0.213664
-0.213613
-0.213562
-0.213512
-0.213461
-0.213410
-0.213359
-0.213309
-0.213258
-0.213207
-0.213156
-0.213105
-0.213055
-0.213004
-0.212953
-0.212902
-0.212852
-0.212801
-0.212750
-0.212699
-0.212648
-0.212598
-0.212547
-0.212496
-0.212445
-0.212394
-0.212344
-0.212293
-0.212242
-0.212191
-0.212141
-0.212090
-0.212039
-0.211988
-0.211937
-0.211887
-0.211836
-0.211785
-0.211734
-0.211684
-0.211633
-0.211582
-0.211531
-0.211480
-0.211430
-0.211379
-0.211328
-0.211277
-0.211227
-0.211176
-0.211125
-0.211074
-0.211023
-0.210973
-0.210922
-0.210871
-0.210820
-0.210769
-0.210719
-0.210668
-0.210617
-0.210566
-0.210516
-0.210465
-0.210414
-0.210363
-0.210312
-0.210262
-0.210211
-0.210160
-0.210109
-0.210059
-0.210008
-0.209957
-0.209906
-0.209855
-0.209805
-0.209754
-0.209703
-0.209652
-0.209602
-0.209551
-0.209500
-0.209449
-0.209398
-0.209348
-0.209297
-0.209246
-0.209195
-0.209144
-0.209094
-0.209043
-0.208992
-0.208941
-0.208891
-0.208840
-0.208789
-0.208738
-0.208687
-0.208637
-0.208586
-0.208535
-0.208484
-0.208434
-0.208383
-0.208332
-0.208281
-0.208230
-0.208180
-0.208129
-0.208078
-0.208027
0.292024
0.292074
0.292125
0.292176
0.292227
0.292277
0.292328
0.292379
0.292430
0.292480
0.292531
0.292582
0.292633
0.292684
0.292734
0.292785
0.292836
0.292887
0.292938
0.292988
0.293039
0.293090
0.293141
0.293191
0.293242
0.293293
0.293344
0.293395
0.293445
0.293496
0.293547
0.293598
0.293648
0.293699
0.293750
0.293801
0.293852
0.293902
0.293953
0.294004
0.294055
0.294106
0.294156
0.294207
0.294258
0.294309
0.294359
0.294410
0.294461
0.294512
0.294563
0.294613
0.294664
0.294715
0.294766
0.294816
0.294867
0.294918
0.294969
0.295020
0.295070
0.295121
0.295172
0.295223
0.295274
0.295324
0.295375
0.295426
0.295477
0.295527
0.295578
0.295629
0.295680
0.295730
0.295781
0.295832
0.295883
0.295934
0.295984
0.692035
0.692086
0.692137
0.692188
0.692238
0.692289
0.692340
0.692391
0.692441
0.692492
0.692543
0.692594
0.692645
0.692695
0.692746
0.692797
0.692848
0.692899
0.692949
0.693000
0.693051
0.693102
0.693152
0.693203
0.693254
0.693305
0.693355
0.693406
0.693457
0.693508
0.693559
0.693609
0.693660
0.693711
0.693762
0.693812
0.693863
0.693914
0.693965
0.694016
0.694066
0.694117
0.694168
0.694219
0.694270
0.694320
0.694371
0.694422
0.694473
0.694523
0.694574
0.694625
0.694676
0.694727
0.694777
0.694828
0.694879
0.694930
0.694981
0.695031
0.695082
0.695133
0.695184
0.695234
0.695285
0.695336
0.695387
0.695438
0.695488
0.695539
0.695590
0.695641
0.695691
0.695742
0.695793
0.695844
0.695895
0.695945
0.695996
0.776047
0.776098
0.776149
0.776199
0.776250
0.776301
0.776352
0.776402
0.776453
0.776504
0.776555
0.776606
0.776656
0.776707
0.776758
0.776809
0.776860
0.776910
0.776961
0.777012
0.777063
0.777113
0.777164
0.777215
0.777266
0.777317
0.777367
0.777418
0.777469
0.777520
0.777570
0.777621
0.777672
0.777723
0.777774
0.777824
0.777875
0.777926
0.777977
0.778028
0.778078
0.778129
0.778180
0.778231
0.778281
0.778332
0.778383
0.778434
0.778484
0.778535
0.778586
0.778637
0.778688
0.778738
0.778789
0.778840
0.778891
0.778942
0.778992
0.779043
0.779094
0.779145
0.779195
0.779246
0.779297
0.779348
0.779399
0.779449
0.779500
0.779551
0.779602
0.779652
0.779703
0.779754
0.779805
0.779856
0.779906
0.779957
0.880008
0.880059
0.880110
0.880160
0.880211
0.880262
0.880313
0.880363
0.880414
0.880465
0.880516
0.880566
0.880617
0.880668
0.880719
0.880770
0.880820
0.880871
0.880922
0.880973
0.881024
0.881074
0.881125
0.881176
0.881227
0.881277
0.881328
0.881379
0.881430
0.881481
0.881531
0.881582
0.881633
0.881684
0.881734
0.881785
0.881836
0.881887
0.881938
0.881988
0.882039
0.882090
0.882141
0.882192
0.882242
0.882293
0.882344
0.882395
0.882445
0.882496
0.882547
0.882598
0.882649
0.882699
0.882750
0.882801
0.882852
0.882903
0.882953
0.883004
0.883055
0.883106
0.883156
0.883207
0.883258
0.883309
0.883359
0.883410
0.883461
0.883512
0.883563
0.883613
0.883664
0.883715
0.883766
0.883816
0.883867
0.883918
0.883969
0.952020
0.952070
0.952121
0.952172
0.952223
0.952274
0.952324
0.952375
0.952426
0.952477
0.952528
0.952578
0.952629
0.952680
0.952731
0.952781
0.952832
0.952883
0.952934
0.952985
0.953035
0.953086
0.953137
0.953188
0.953238
0.953289
0.953340
0.953391
0.953442
0.953492
0.953543
0.953594
0.953645
0.953695
0.953746
0.953797
0.953848
0.953899
0.953949
0.954000
0.954051
0.954102
0.954152
0.954203
0.954254
0.954305
0.954356
0.954406
0.954457
0.954508
0.954559
0.954610
0.954660
0.954711
0.954762
0.954813
0.954863
0.954914
0.954965
0.955016
0.955067
0.955117
0.955168
0.955219
0.955270
0.955320
0.955371
0.955422
0.955473
0.955524
0.955574
0.955625
0.955676
0.955727
0.955778
0.955828
0.955879
0.955930
0.955981
0.964031
0.964082
0.964133
0.964184
0.964234
0.964285
0.964336
0.964387
0.964438
0.964488
0.964539
0.964590
0.964641
0.964692
0.964742
0.964793
0.964844
0.964895
0.964945
0.964996
0.965047
0.965098
0.965149
0.965199
0.965250
0.965301
0.965352
0.965402
0.965453
0.965504
0.965555
0.965606
0.965656
0.965707
0.965758
0.965809
0.965860
0.965910
0.965961
0.966012
0.966063
0.966113
0.966164
0.966215
0.966266
0.966316
0.966367
0.966418
0.966469
0.966520
0.966570
0.966621
0.966672
0.966723
0.966774
0.966824
0.966875
0.966926
0.966977
0.967027
0.967078
0.967129
0.967180
0.967231
0.967281
0.967332
0.967383
0.967434
0.967484
0.967535
0.967586
0.967637
0.967688
0.967738
0.967789
0.967840
0.967891
0.967942
0.967992
0.972043
0.972094
0.972145
0.972195
0.972246
0.972297
0.972348
0.972399
0.972449
0.972500
0.972551
0.972602
0.972652
0.972703
0.972754
0.972805
0.972856
0.972906
0.972957
0.973008
0.973059
0.973109
0.973160
0.973211
0.973262
0.973313
0.973363
0.973414
0.973465
0.973516
0.973567
0.973617
0.973668
0.973719
0.973770
0.973820
0.973871
0.973922
0.973973
0.974024
0.974074
0.974125
0.974176
0.974227
0.974277
0.974328
0.974379
0.974430
0.974481
0.974531
0.974582
0.974633
0.974684
0.974735
0.974785
0.974836
0.974887
0.974938
0.974988
0.975039
0.975090
0.975141
0.975191
0.975242
0.975293
0.975344
0.975395
0.975445
0.975496
0.975547
0.975598
0.975649
0.975699
0.975750
0.975801
0.975852
0.975902
0.975953
0.980002
0.980027
0.980053
0.980078
0.980104
0.980129
0.980154
0.980180
0.980205
0.980231
0.980256
0.980281
0.980307
0.980332
0.980358
0.980383
0.980408
0.980434
0.980459
0.980484
0.980510
0.980535
0.980561
0.980586
0.980611
0.980637
0.980662
0.980688
0.980713
0.980738
0.980764
0.980789
0.980815
0.980840
0.980865
0.980891
0.980916
0.980942
0.980967
0.980992
0.981018
0.981043
0.981068
0.981094
0.981119
0.981145
0.981170
0.981195
0.981221
0.981246
0.981272
0.981297
0.981322
0.981348
0.981373
0.981399
0.981424
0.981449
0.981475
0.981500
0.981526
0.981551
0.981576
0.981602
0.981627
0.981652
0.981678
0.981703
0.981729
0.981754
0.981779
0.981805
0.981830
0.981856
0.981881
0.981906
0.981932
0.981957
0.981983
0.982008
0.982033
0.982059
0.982084
0.982110
0.982135
0.982160
0.982186
0.982211
0.982237
0.982262
0.982287
0.982313
0.982338
0.982363
0.982389
0.982414
0.982440
0.982465
0.982490
0.982516
0.982541
0.982567
0.982592
0.982617
0.982643
0.982668
0.982694
0.982719
0.982744
0.982770
0.982795
0.982820
0.982846
0.982871
0.982897
0.982922
0.982947
0.982973
0.982998
0.983024
0.983049
0.983074
0.983100
0.983125
0.983150
0.983176
0.983201
0.983227
0.983252
0.983277
0.983303
0.983328
0.983354
0.983379
0.983404
0.983430
0.983455
0.983481
0.983506
0.983531
0.983557
0.983582
0.983608
0.983633
0.983658
0.983684
0.983709
0.983734
0.983760
0.983785
0.983811
0.983836
0.983861
0.983887
0.983912
0.983938
0.983963
0.983988
0.992027
0.992078
0.992129
0.992180
0.992231
0.992281
0.992332
0.992383
0.992434
0.992484
0.992535
0.992586
0.992637
0.992688
0.992738
0.992789
0.992840
0.992891
0.992941
0.992992
0.993043
0.993094
0.993145
0.993195
0.993246
0.993297
0.993348
0.993399
0.993449
0.993500
0.993551
0.993602
0.993652
0.993703
0.993754
0.993805
0.993856
0.993906
0.993957
0.994008
0.994059
0.994110
0.994160
0.994211
0.994262
0.994313
0.994363
0.994414
0.994465
0.994516
0.994567
0.994617
0.994668
0.994719
0.994770
0.994820
0.994871
0.994922
0.994973
0.995023
0.995074
0.995125
0.995176
0.995227
0.995277
0.995328
0.995379
0.995430
0.995481
0.995531
0.995582
0.995633
0.995684
0.995734
0.995785
0.995836
0.995887
0.995938
0.995988
0.996039
0.996090
0.996141
0.996192
0.996242
0.996293
0.996344
0.996395
0.996445
0.996496
0.996547
0.996598
0.996648
0.996699
0.996750
0.996801
0.996852
0.996902
0.996953
0.997004
0.997055
0.997105
0.997156
0.997207
0.997258
0.997309
0.997359
0.997410
0.997461
0.997512
0.997563
0.997613
0.997664
0.997715
0.997766
0.997816
0.997867
0.997918
0.997969
0.998020
0.998070
0.998121
0.998172
0.998223
0.998273
0.998324
0.998375
0.998426
0.998477
0.998527
0.998578
0.998629
0.998680
0.998731
0.998781
0.998832
0.998883
0.998934
0.998984
0.999035
0.999086
0.999137
0.999188
0.999238
0.999289
0.999340
0.999391
0.999442
0.999492
0.999543
0.999594
0.999645
0.999695
0.999746
0.999797
0.999848
0.999898
0.999949
1.000000
