1024
-0.978562
-0.954222
-0.929865
-0.901541
-0.872860
-0.846812
-0.819738
-0.797367
-0.778397
-0.753551
-0.730504
-0.706841
-0.681508
-0.664519
-0.642751
-0.618401
-0.597030
-0.578128
-0.558497
-0.537501
-0.518755
-0.498212
-0.473805
-0.454068
-0.434828
-0.414594
-0.395656
-0.378190
-0.360634
-0.342031
-0.326734
-0.309663
-0.293616
-0.278942
-0.261488
-0.243988
-0.229670
-0.215129
-0.201724
-0.187821
-0.171873
-0.158797
-0.143849
-0.132358
-0.119809
-0.105519
-0.090052
-0.080079
-0.068700
-0.058397
-0.047005
-0.034266
-0.022970
-0.012583
-0.002965
0.008039
0.018190
0.028911
0.039438
0.046782
0.057017
0.066128
0.075372
0.084440
0.093200
0.103229
0.112145
0.118368
0.126448
0.135982
0.144225
0.151787
0.158927
0.167068
0.175470
0.184456
0.192264
0.198834
0.206148
0.214812
0.221497
0.228027
0.235158
0.243619
0.252383
0.258640
0.264916
0.270521
0.276307
0.282765
0.289350
0.295252
0.302344
0.309075
0.315754
0.323122
0.329752
0.337584
0.342877
0.347942
0.353901
0.358979
0.363689
0.368944
0.374105
0.378493
0.385370
0.391511
0.396999
0.403422
0.408584
0.413172
0.418015
0.423357
0.429415
0.434305
0.439070
0.444084
0.448471
0.452298
0.456773
0.461336
0.466021
0.470528
0.474860
0.479390
0.484159
0.488635
0.492092
0.496257
0.500906
0.504961
0.508832
0.512770
0.516413
0.519811
0.523336
0.527206
0.531108
0.534274
0.537295
0.540412
0.543497
0.546740
0.550262
0.553967
0.557327
0.560262
0.563383
0.566727
0.570098
0.573551
0.576856
0.579568
0.582821
0.585777
0.588588
0.591709
0.595121
0.598468
0.601349
0.603858
0.606323
0.608912
0.611767
0.614371
0.617021
0.619789
0.622556
0.625297
0.628008
0.630748
0.633415
0.636021
0.638553
0.641174
0.643914
0.646321
0.648649
0.650814
0.652978
0.655143
0.657211
0.659214
0.661394
0.663689
0.665813
0.667910
0.670196
0.672562
0.675194
0.677433
0.679498
0.681451
0.683369
0.685147
0.686857
0.688635
0.690553
0.692514
0.694612
0.696626
0.698477
0.700305
0.702026
0.703747
0.705547
0.707361
0.709402
0.711567
0.713235
0.714777
0.716350
0.718039
0.719727
0.721443
0.723163
0.724841
0.726478
0.728128
0.729954
0.731781
0.733423
0.735040
0.736623
0.738157
0.739691
0.741332
0.742999
0.744603
0.746111
0.747619
0.749224
0.750860
0.752432
0.753852
0.755272
0.756723
0.758206
0.759690
0.761166
0.762641
0.764120
0.765646
0.767171
0.768648
0.770069
0.771489
0.772847
0.774169
0.775491
0.776794
0.778085
0.779376
0.780610
0.781793
0.782976
0.784156
0.785323
0.786490
0.787658
0.788794
0.789917
0.791040
0.792163
0.793287
0.794410
0.795533
0.796633
0.797715
0.798797
0.799880
0.801024
0.802176
0.803329
0.804421
0.805430
0.806440
0.807449
0.808463
0.809484
0.810505
0.811525
0.812577
0.813655
0.814733
0.815811
0.816805
0.817781
0.818757
0.819734
0.820757
0.821797
0.822838
0.823878
0.824901
0.825922
0.826943
0.827963
0.828854
0.829740
0.830626
0.831512
0.832382
0.833231
0.834081
0.834930
0.835780
0.836629
0.837479
0.838328
0.839178
0.840024
0.840787
0.841550
0.842312
0.843075
0.843838
0.844652
0.845481
0.846309
0.847138
0.847966
0.848781
0.849594
0.850407
0.851221
0.852032
0.852784
0.853536
0.854288
0.855040
0.855792
0.856529
0.857260
0.857992
0.858723
0.859455
0.860175
0.860864
0.861552
0.862240
0.862929
0.863617
0.864323
0.865050
0.865777
0.866505
0.867233
0.867960
0.868586
0.869206
0.869826
0.870446
0.871066
0.871686
0.872304
0.872919
0.873535
0.874151
0.874767
0.875382
0.875998
0.876601
0.877204
0.877808
0.878411
0.879014
0.879617
0.880210
0.880785
0.881360
0.881935
0.882510
0.883085
0.883659
0.884216
0.884747
0.885277
0.885808
0.886338
0.886869
0.887399
0.887930
0.888475
0.889021
0.889568
0.890115
0.890661
0.891208
0.891755
0.892273
0.892767
0.893262
0.893756
0.894250
0.894745
0.895239
0.895733
0.896225
0.896712
0.897199
0.897686
0.898173
0.898661
0.899148
0.899635
0.900112
0.900557
0.901002
0.901447
0.901892
0.902338
0.902783
0.903228
0.903673
0.904110
0.904525
0.904940
0.905355
0.905770
0.906185
0.906600
0.907015
0.907430
0.907845
0.908262
0.908680
0.909098
0.909516
0.909934
0.910352
0.910770
0.911188
0.911607
0.912024
0.912423
0.912821
0.913220
0.913619
0.914018
0.914417
0.914816
0.915215
0.915614
0.916012
0.916386
0.916759
0.917133
0.917507
0.917881
0.918255
0.918629
0.919003
0.919377
0.919751
0.920118
0.920473
0.920828
0.921183
0.921539
0.921894
0.922249
0.922604
0.922959
0.923314
0.923669
0.924024
0.924368
0.924712
0.925056
0.925400
0.925744
0.926089
0.926433
0.926777
0.927121
0.927465
0.927809
0.928148
0.928479
0.928810
0.929141
0.929472
0.929803
0.930134
0.930465
0.930796
0.931127
0.931458
0.931789
0.932105
0.932395
0.932685
0.932976
0.933266
0.933556
0.933846
0.934136
0.934427
0.934717
0.935007
0.935297
0.935588
0.935878
0.936160
0.936435
0.936711
0.936986
0.937262
0.937538
0.937813
0.938089
0.938365
0.938640
0.938916
0.939191
0.939467
0.939743
0.940016
0.940261
0.940506
0.940751
0.940996
0.941241
0.941486
0.941731
0.941976
0.942221
0.942465
0.942710
0.942955
0.943200
0.943445
0.943690
0.943935
0.944170
0.944401
0.944632
0.944863
0.945094
0.945325
0.945556
0.945787
0.946018
0.946249
0.946480
0.946711
0.946942
0.947173
0.947404
0.947635
0.947866
0.948092
0.948312
0.948531
0.948751
0.948970
0.949190
0.949409
0.949629
0.949848
0.950068
0.950287
0.950507
0.950726
0.950946
0.951165
0.951385
0.951604
0.951824
0.952041
0.952248
0.952456
0.952663
0.952870
0.953078
0.953285
0.953492
0.953699
0.953907
0.954114
0.954321
0.954529
0.954736
0.954943
0.955150
0.955358
0.955565
0.955772
0.955980
0.956174
0.956368
0.956562
0.956755
0.956949
0.957142
0.957336
0.957529
0.957723
0.957916
0.958110
0.958304
0.958497
0.958691
0.958884
0.959078
0.959271
0.959465
0.959658
0.959852
0.960043
0.960227
0.960412
0.960596
0.960780
0.960964
0.961149
0.961333
0.961517
0.961701
0.961886
0.962070
0.962254
0.962438
0.962623
0.962807
0.962991
0.963175
0.963360
0.963544
0.963728
0.963912
0.964084
0.964243
0.964403
0.964563
0.964722
0.964882
0.965041
0.965201
0.965361
0.965520
0.965680
0.965839
0.965999
0.966159
0.966318
0.966478
0.966637
0.966797
0.966957
0.967116
0.967276
0.967435
0.967595
0.967755
0.967914
0.968069
0.968219
0.968368
0.968518
0.968667
0.968817
0.968966
0.969116
0.969266
0.969415
0.969565
0.969714
0.969864
0.970013
0.970163
0.970312
0.970462
0.970612
0.970761
0.970911
0.971060
0.971210
0.971359
0.971509
0.971658
0.971808
0.971958
0.972089
0.972214
0.972338
0.972462
0.972587
0.972711
0.972835
0.972960
0.973084
0.973208
0.973333
0.973457
0.973581
0.973706
0.973830
0.973954
0.974079
0.974203
0.974327
0.974452
0.974576
0.974700
0.974825
0.974949
0.975073
0.975198
0.975322
0.975446
0.975571
0.975695
0.975819
0.975944
0.976064
0.976182
0.976300
0.976417
0.976535
0.976653
0.976770
0.976888
0.977006
0.977123
0.977241
0.977359
0.977477
0.977594
0.977712
0.977830
0.977947
0.978065
0.978183
0.978300
0.978418
0.978536
0.978653
0.978771
0.978889
0.979007
0.979124
0.979242
0.979360
0.979477
0.979595
0.979713
0.979830
0.979948
0.980057
0.980160
0.980262
0.980364
0.980467
0.980569
0.980671
0.980774
0.980876
0.980978
0.981081
0.981183
0.981285
0.981388
0.981490
0.981592
0.981695
0.981797
0.981899
0.982002
0.982104
0.982206
0.982309
0.982411
0.982514
0.982616
0.982718
0.982821
0.982923
0.983025
0.983128
0.983230
0.983332
0.983435
0.983537
0.983639
0.983742
0.983844
0.983946
0.984043
0.984134
0.984225
0.984316
0.984407
0.984498
0.984589
0.984680
0.984771
0.984862
0.984953
0.985044
0.985135
0.985226
0.985317
0.985408
0.985499
0.985590
0.985681
0.985772
0.985863
0.985954
0.986045
0.986135
0.986226
0.986318
0.986408
0.986499
0.986590
0.986681
0.986772
0.986863
0.986954
0.987045
0.987136
0.987227
0.987318
0.987409
0.987500
0.987591
0.987682
0.987773
0.987864
0.987955
0.988038
0.988113
0.988188
0.988263
0.988338
0.988413
0.988489
0.988564
0.988639
0.988714
0.988789
0.988864
0.988939
0.989014
0.989089
0.989164
0.989240
0.989315
0.989390
0.989465
0.989540
0.989615
0.989690
0.989765
0.989841
0.989916
0.989991
0.990066
0.990141
0.990216
0.990291
0.990366
0.990441
0.990517
0.990592
0.990667
0.990742
0.990817
0.990892
0.990967
0.991042
0.991117
0.991193
0.991268
0.991343
0.991418
0.991493
0.991568
0.991643
0.991718
0.991793
0.991868
0.991944
0.992016
0.992081
0.992146
0.992211
0.992275
0.992340
0.992405
0.992470
0.992535
0.992599
0.992664
0.992729
0.992794
0.992859
0.992923
0.992988
0.993053
0.993118
0.993183
0.993247
0.993312
0.993377
0.993442
0.993507
0.993571
0.993636
0.993701
0.993766
0.993831
0.993895
0.993960
0.994025
0.994090
0.994155
0.994219
0.994284
0.994349
0.994414
0.994478
0.994543
0.994608
0.994673
0.994738
0.994802
0.994867
0.994932
0.994997
0.995062
0.995126
0.995191
0.995256
0.995321
0.995386
0.995450
0.995515
0.995580
0.995645
0.995710
0.995774
0.995839
0.995904
0.995969
0.996028
0.996081
0.996135
0.996189
0.996243
0.996296
0.996350
0.996404
0.996457
0.996511
0.996565
0.996618
0.996672
0.996726
0.996779
0.996833
0.996887
0.996940
0.996994
0.997048
0.997101
0.997155
0.997209
0.997262
0.997316
0.997370
0.997423
0.997477
0.997531
0.997584
0.997638
0.997692
0.997746
0.997799
0.997853
0.997907
0.997960
0.998014
0.998068
0.998121
0.998175
0.998229
0.998282
0.998336
0.998390
0.998443
0.998497
0.998551
0.998604
0.998658
0.998712
0.998765
0.998819
0.998873
0.998927
0.998980
0.999034
0.999087
0.999141
0.999195
0.999249
0.999302
0.999356
0.999410
0.999463
0.999517
0.999571
0.999624
0.999678
0.999732
0.999785
0.999839
0.999893
0.999946
1.000000
