1024
-0.998080
-0.996300
-0.994443
-0.992463
-0.990533
-0.988698
-0.986902
-0.985017
-0.983092
-0.981231
-0.979352
-0.977457
-0.975591
-0.973655
-0.971784
-0.970002
-0.968189
-0.966323
-0.964248
-0.962336
-0.960444
-0.958555
-0.956654
-0.954818
-0.953024
-0.951240
-0.949478
-0.947708
-0.945725
-0.943889
-0.942024
-0.940236
-0.938416
-0.936507
-0.934556
-0.932659
-0.930801
-0.928979
-0.927170
-0.925327
-0.923435
-0.921536
-0.919667
-0.917853
-0.916014
-0.914048
-0.912217
-0.910375
-0.908554
-0.906766
-0.904929
-0.903071
-0.901224
-0.899350
-0.897477
-0.895605
-0.893668
-0.891709
-0.889944
-0.888078
-0.886135
-0.884236
-0.882340
-0.880507
-0.878633
-0.876796
-0.874995
-0.873201
-0.871367
-0.869489
-0.867674
-0.865732
-0.863849
-0.861895
-0.859997
-0.858143
-0.856336
-0.854457
-0.852633
-0.850724
-0.848891
-0.847054
-0.845171
-0.843344
-0.841504
-0.839580
-0.837696
-0.835828
-0.833851
-0.832000
-0.830217
-0.828476
-0.826580
-0.824632
-0.822714
-0.820725
-0.818776
-0.816939
-0.815110
-0.813248
-0.811398
-0.809549
-0.807671
-0.805798
-0.804014
-0.802085
-0.800206
-0.798204
-0.796277
-0.794423
-0.792596
-0.790709
-0.788744
-0.786816
-0.784893
-0.782979
-0.781124
-0.779308
-0.777458
-0.775495
-0.773620
-0.771820
-0.769967
-0.768078
-0.766119
-0.764233
-0.762313
-0.760524
-0.758565
-0.756581
-0.754730
-0.752875
-0.750976
-0.749067
-0.747164
-0.745293
-0.743424
-0.741512
-0.739689
-0.737904
-0.735992
-0.734091
-0.732224
-0.730319
-0.728482
-0.726624
-0.724804
-0.722961
-0.721121
-0.719296
-0.717418
-0.715571
-0.713838
-0.712006
-0.710074
-0.708073
-0.706235
-0.704348
-0.702526
-0.700668
-0.698800
-0.696927
-0.695063
-0.693186
-0.691277
-0.689399
-0.687558
-0.685726
-0.683938
-0.682095
-0.680285
-0.678383
-0.676507
-0.674593
-0.672729
-0.670906
-0.669070
-0.667202
-0.665313
-0.663402
-0.661506
-0.659715
-0.657815
-0.656003
-0.654145
-0.652218
-0.650437
-0.648636
-0.646786
-0.644946
-0.643078
-0.641234
-0.639460
-0.637627
-0.635822
-0.633962
-0.632224
-0.630378
-0.628457
-0.626517
-0.624604
-0.622745
-0.620855
-0.618957
-0.617127
-0.615378
-0.613653
-0.611802
-0.609935
-0.607975
-0.606152
-0.604181
-0.602402
-0.600525
-0.598649
-0.596797
-0.594939
-0.593029
-0.591114
-0.589243
-0.587399
-0.585600
-0.583810
-0.582002
-0.580104
-0.578243
-0.576369
-0.574484
-0.572664
-0.570888
-0.569085
-0.567227
-0.565388
-0.563587
-0.561657
-0.559789
-0.557947
-0.556063
-0.554324
-0.552509
-0.550667
-0.548803
-0.546962
-0.545122
-0.543273
-0.541426
-0.539543
-0.537691
-0.535812
-0.534019
-0.532136
-0.530221
-0.528391
-0.526640
-0.524805
-0.522893
-0.521005
-0.519188
-0.517388
-0.515528
-0.513658
-0.511757
-0.509837
-0.507999
-0.506196
-0.504244
-0.502429
-0.500625
-0.498778
-0.496892
-0.495048
-0.493207
-0.491265
-0.489324
-0.487501
-0.485665
-0.483738
-0.481781
-0.479942
-0.478145
-0.476272
-0.474407
-0.472540
-0.470684
-0.468868
-0.467059
-0.465198
-0.463324
-0.461497
-0.459601
-0.457721
-0.455892
-0.454106
-0.452187
-0.450383
-0.448500
-0.446617
-0.444783
-0.442966
-0.441110
-0.439240
-0.437385
-0.435511
-0.433709
-0.431865
-0.429968
-0.428003
-0.426173
-0.424392
-0.422554
-0.420761
-0.418891
-0.417058
-0.415259
-0.413363
-0.411479
-0.409647
-0.407868
-0.406000
-0.404151
-0.402332
-0.400468
-0.398601
-0.396733
-0.394815
-0.392870
-0.390944
-0.389005
-0.387082
-0.385197
-0.383305
-0.381408
-0.379537
-0.377776
-0.375869
-0.374003
-0.372198
-0.370398
-0.368559
-0.366659
-0.364709
-0.362726
-0.360737
-0.358829
-0.356996
-0.355130
-0.353208
-0.351279
-0.349368
-0.347537
-0.345634
-0.343786
-0.341898
-0.340071
-0.338191
-0.336312
-0.334522
-0.332752
-0.330909
-0.329066
-0.327232
-0.325347
-0.323458
-0.321540
-0.319643
-0.317809
-0.316093
-0.314115
-0.312244
-0.310350
-0.308595
-0.306824
-0.304999
-0.303145
-0.301307
-0.299505
-0.297716
-0.295905
-0.294002
-0.292015
-0.290025
-0.288208
-0.286328
-0.284423
-0.282451
-0.280523
-0.278628
-0.276827
-0.274948
-0.273031
-0.271192
-0.269373
-0.267560
-0.265741
-0.263905
-0.262028
-0.260102
-0.258320
-0.256529
-0.254731
-0.252858
-0.250911
-0.249011
-0.247177
-0.245334
-0.243462
-0.241605
-0.239751
-0.237982
-0.236091
-0.234187
-0.232332
-0.230484
-0.228638
-0.226768
-0.224918
-0.223059
-0.221238
-0.219493
-0.217692
-0.215797
-0.213742
-0.211818
-0.209940
-0.208042
-0.206125
-0.204262
-0.202427
-0.200623
-0.198767
-0.196848
-0.194861
-0.192943
-0.191089
-0.189235
-0.187389
-0.185553
-0.183822
-0.182044
-0.180312
-0.178476
-0.176674
-0.174780
-0.172914
-0.171103
-0.169281
-0.167447
-0.165606
-0.163785
-0.161898
-0.160051
-0.158163
-0.156290
-0.154470
-0.152557
-0.150647
-0.148781
-0.146936
-0.145076
-0.143222
-0.141367
-0.139477
-0.137659
-0.135766
-0.133850
-0.132002
-0.130043
-0.128189
-0.126373
-0.124569
-0.122613
-0.120722
-0.118843
-0.116999
-0.115157
-0.113272
-0.111422
-0.109602
-0.107876
-0.105974
-0.104186
-0.102312
-0.100416
-0.098486
-0.096603
-0.094770
-0.092918
-0.090979
-0.089076
-0.087261
-0.085433
-0.083582
-0.081727
-0.079849
-0.077830
-0.075876
-0.073960
-0.072208
-0.070376
-0.068514
-0.066737
-0.064918
-0.063063
-0.061245
-0.059391
-0.057435
-0.055550
-0.053638
-0.051760
-0.049899
-0.048104
-0.046097
-0.044289
-0.042489
-0.040646
-0.038711
-0.036779
-0.034922
-0.033076
-0.031221
-0.029347
-0.027432
-0.025600
-0.023758
-0.021949
-0.020097
-0.018134
-0.016278
-0.014378
-0.012358
-0.010483
-0.008613
-0.006773
-0.004881
-0.002980
-0.001066
0.000872
0.002730
0.004517
0.006284
0.008068
0.009969
0.011960
0.013826
0.015657
0.017445
0.019342
0.021253
0.023178
0.025079
0.026910
0.028755
0.030648
0.032472
0.034257
0.036099
0.037972
0.039853
0.041691
0.043543
0.045407
0.047255
0.049193
0.051003
0.052715
0.054542
0.056507
0.058353
0.060227
0.062147
0.063983
0.065912
0.067763
0.069587
0.071485
0.073352
0.075300
0.077213
0.079108
0.081010
0.082896
0.084800
0.086693
0.088532
0.090380
0.092181
0.094092
0.096051
0.097814
0.099657
0.101626
0.103501
0.105305
0.107167
0.109108
0.111022
0.112906
0.114814
0.116677
0.118467
0.120330
0.122237
0.124232
0.126106
0.127967
0.129855
0.131691
0.133449
0.135262
0.137079
0.138926
0.140808
0.142658
0.144530
0.146443
0.148253
0.150180
0.152063
0.153908
0.155711
0.157623
0.159477
0.161269
0.163220
0.165206
0.167123
0.169001
0.170868
0.172737
0.174611
0.176525
0.178409
0.180366
0.182330
0.184271
0.186129
0.187976
0.189860
0.191867
0.193727
0.195594
0.197466
0.199280
0.201113
0.203046
0.204996
0.206900
0.208765
0.210608
0.212517
0.214404
0.216170
0.218001
0.219872
0.221818
0.223663
0.225573
0.227399
0.229209
0.231049
0.232932
0.234857
0.236820
0.238729
0.240530
0.242357
0.244213
0.246107
0.248008
0.250014
0.251973
0.253762
0.255590
0.257382
0.259292
0.261169
0.262986
0.264809
0.266645
0.268514
0.270448
0.272382
0.274280
0.276162
0.277993
0.279940
0.281924
0.283948
0.285833
0.287723
0.289602
0.291506
0.293439
0.295414
0.297396
0.299348
0.301204
0.303037
0.304913
0.306769
0.308600
0.310537
0.312475
0.314361
0.316272
0.318218
0.320136
0.322085
0.323869
0.325788
0.327696
0.329487
0.331383
0.333277
0.335143
0.337052
0.338956
0.340826
0.342742
0.344707
0.346639
0.348521
0.350339
0.352215
0.354084
0.355963
0.357800
0.359698
0.361591
0.363522
0.365356
0.367239
0.369176
0.371097
0.373026
0.374996
0.376952
0.378877
0.380781
0.382684
0.384605
0.386476
0.388431
0.390340
0.392280
0.394229
0.396141
0.398246
0.400175
0.402029
0.404021
0.405956
0.407771
0.409671
0.411529
0.413438
0.415462
0.417409
0.419316
0.421231
0.423093
0.424961
0.426927
0.428910
0.430857
0.432790
0.434695
0.436612
0.438486
0.440405
0.442294
0.444204
0.446177
0.448187
0.450130
0.452087
0.453934
0.455833
0.457823
0.459811
0.461733
0.463796
0.465723
0.467831
0.469734
0.471557
0.473409
0.475341
0.477251
0.479166
0.481111
0.483040
0.484976
0.486949
0.488912
0.490902
0.492890
0.494827
0.496749
0.498634
0.500602
0.502548
0.504460
0.506387
0.508334
0.510267
0.512298
0.514265
0.516426
0.518376
0.520330
0.522255
0.524301
0.526164
0.528123
0.530139
0.531958
0.533875
0.535914
0.537899
0.539846
0.541674
0.543717
0.545703
0.547693
0.549715
0.551648
0.553651
0.555682
0.557734
0.559749
0.561793
0.563915
0.565879
0.567973
0.569842
0.571871
0.573897
0.575882
0.577862
0.579920
0.581910
0.583883
0.585934
0.587978
0.590091
0.592043
0.593920
0.595976
0.597991
0.599960
0.602040
0.604040
0.606024
0.608138
0.610184
0.612155
0.614031
0.615968
0.618056
0.620118
0.622241
0.624375
0.626462
0.628453
0.630440
0.632571
0.634647
0.636585
0.638519
0.640562
0.642753
0.644808
0.646844
0.648789
0.650780
0.652804
0.654891
0.656999
0.659049
0.661186
0.663285
0.665369
0.667472
0.669600
0.671731
0.673927
0.676159
0.678376
0.680415
0.682642
0.684791
0.686948
0.689175
0.691348
0.693538
0.695800
0.698021
0.700214
0.702465
0.704626
0.706910
0.709130
0.711288
0.713555
0.715775
0.717978
0.720284
0.722520
0.724728
0.726930
0.729112
0.731350
0.733571
0.735889
0.738221
0.740467
0.742752
0.745188
0.747553
0.749720
0.751999
0.754332
0.756488
0.758702
0.761018
0.763322
0.765580
0.768076
0.770416
0.772839
0.775296
0.777738
0.780306
0.782788
0.785159
0.787607
0.790090
0.792504
0.794862
0.797203
0.799535
0.801809
0.804313
0.806840
0.809321
0.811861
0.814336
0.816866
0.819380
0.821795
0.824202
0.826622
0.829041
0.831478
0.834010
0.836537
0.839041
0.841586
0.844129
0.846608
0.849123
0.851737
0.854339
0.856973
0.859496
0.862074
0.864550
0.867044
0.869675
0.872222
0.874884
0.877583
0.880201
0.882827
0.885336
0.887856
0.890489
0.893154
0.895689
0.898279
0.900770
0.903291
0.905897
0.908535
0.911098
0.913509
0.916037
0.918471
0.920965
0.923554
0.926269
0.928800
0.931276
0.933842
0.936313
0.938853
0.941327
0.943637
0.945977
0.948280
0.950770
0.953214
0.955621
0.958013
0.960277
0.962527
0.964862
0.967152
0.969472
0.971871
0.974190
0.976460
0.978724
0.980885
0.983013
0.985213
0.987498
0.989607
0.991815
0.993807
0.995846
0.997954
1.000000
