1024
-0.997132
-0.994234
-0.991341
-0.988454
-0.985611
-0.982772
-0.979964
-0.977134
-0.974349
-0.971522
-0.968691
-0.965849
-0.963009
-0.960198
-0.957307
-0.954425
-0.951592
-0.948775
-0.946023
-0.943283
-0.940487
-0.937730
-0.934875
-0.932118
-0.929395
-0.926636
-0.923877
-0.921140
-0.918411
-0.915584
-0.912820
-0.910048
-0.907368
-0.904595
-0.901840
-0.899121
-0.896334
-0.893566
-0.890785
-0.887989
-0.885286
-0.882562
-0.879849
-0.877177
-0.874436
-0.871742
-0.869057
-0.866417
-0.863671
-0.861063
-0.858454
-0.855754
-0.853176
-0.850521
-0.847935
-0.845270
-0.842662
-0.840057
-0.837464
-0.834828
-0.832293
-0.829675
-0.827013
-0.824432
-0.821965
-0.819455
-0.816965
-0.814354
-0.811773
-0.809199
-0.806678
-0.804095
-0.801545
-0.798955
-0.796344
-0.793808
-0.791274
-0.788743
-0.786201
-0.783660
-0.781191
-0.778645
-0.776097
-0.773525
-0.770966
-0.768441
-0.765975
-0.763417
-0.760897
-0.758362
-0.755829
-0.753265
-0.750714
-0.748207
-0.745786
-0.743279
-0.740753
-0.738307
-0.735853
-0.733318
-0.730815
-0.728343
-0.725909
-0.723497
-0.721051
-0.718673
-0.716263
-0.713871
-0.711357
-0.708874
-0.706415
-0.704023
-0.701678
-0.699279
-0.696854
-0.694370
-0.691861
-0.689400
-0.686985
-0.684587
-0.682236
-0.679886
-0.677519
-0.675192
-0.672838
-0.670488
-0.668143
-0.665768
-0.663378
-0.661041
-0.658697
-0.656338
-0.653982
-0.651543
-0.649264
-0.646993
-0.644654
-0.642283
-0.639919
-0.637533
-0.635199
-0.632866
-0.630527
-0.628198
-0.625909
-0.623571
-0.621330
-0.619065
-0.616748
-0.614396
-0.612067
-0.609820
-0.607585
-0.605269
-0.602966
-0.600652
-0.598372
-0.596077
-0.593806
-0.591561
-0.589333
-0.587071
-0.584789
-0.582498
-0.580208
-0.577933
-0.575717
-0.573481
-0.571224
-0.568996
-0.566731
-0.564506
-0.562273
-0.560063
-0.557806
-0.555564
-0.553319
-0.551131
-0.548878
-0.546571
-0.544419
-0.542229
-0.539945
-0.537703
-0.535487
-0.533287
-0.531036
-0.528803
-0.526615
-0.524384
-0.522102
-0.519789
-0.517594
-0.515382
-0.513139
-0.510933
-0.508719
-0.506495
-0.504313
-0.502119
-0.499921
-0.497681
-0.495496
-0.493300
-0.491108
-0.488856
-0.486669
-0.484504
-0.482263
-0.480142
-0.477963
-0.475673
-0.473490
-0.471287
-0.469077
-0.466848
-0.464552
-0.462334
-0.460168
-0.457969
-0.455800
-0.453611
-0.451348
-0.449125
-0.446973
-0.444740
-0.442534
-0.440308
-0.438134
-0.435930
-0.433740
-0.431606
-0.429395
-0.427206
-0.425028
-0.422844
-0.420695
-0.418533
-0.416374
-0.414212
-0.412074
-0.409914
-0.407765
-0.405617
-0.403413
-0.401228
-0.399087
-0.396907
-0.394744
-0.392633
-0.390504
-0.388397
-0.386262
-0.384162
-0.382023
-0.379893
-0.377746
-0.375632
-0.373524
-0.371387
-0.369266
-0.367150
-0.365027
-0.362911
-0.360794
-0.358656
-0.356556
-0.354483
-0.352379
-0.350246
-0.348125
-0.346001
-0.343910
-0.341841
-0.339825
-0.337771
-0.335715
-0.333606
-0.331427
-0.329300
-0.327151
-0.325056
-0.323002
-0.320935
-0.318824
-0.316692
-0.314558
-0.312487
-0.310394
-0.308302
-0.306162
-0.304018
-0.301922
-0.299845
-0.297732
-0.295585
-0.293535
-0.291453
-0.289347
-0.287255
-0.285170
-0.283067
-0.280996
-0.278886
-0.276838
-0.274810
-0.272744
-0.270661
-0.268583
-0.266556
-0.264501
-0.262421
-0.260341
-0.258272
-0.256249
-0.254185
-0.252104
-0.250044
-0.248051
-0.246031
-0.243886
-0.241815
-0.239756
-0.237682
-0.235615
-0.233564
-0.231511
-0.229468
-0.227432
-0.225364
-0.223334
-0.221294
-0.219237
-0.217188
-0.215121
-0.213065
-0.211030
-0.208992
-0.206949
-0.204932
-0.202931
-0.200870
-0.198813
-0.196816
-0.194775
-0.192755
-0.190755
-0.188707
-0.186666
-0.184613
-0.182582
-0.180567
-0.178524
-0.176461
-0.174393
-0.172374
-0.170332
-0.168277
-0.166283
-0.164310
-0.162284
-0.160315
-0.158331
-0.156289
-0.154332
-0.152330
-0.150265
-0.148292
-0.146284
-0.144261
-0.142243
-0.140241
-0.138263
-0.136287
-0.134283
-0.132252
-0.130246
-0.128287
-0.126221
-0.124188
-0.122140
-0.120105
-0.118085
-0.116105
-0.114110
-0.112105
-0.110117
-0.108139
-0.106180
-0.104201
-0.102220
-0.100214
-0.098239
-0.096258
-0.094296
-0.092337
-0.090330
-0.088334
-0.086336
-0.084347
-0.082398
-0.080394
-0.078399
-0.076417
-0.074446
-0.072508
-0.070525
-0.068570
-0.066577
-0.064619
-0.062631
-0.060628
-0.058613
-0.056618
-0.054638
-0.052662
-0.050670
-0.048690
-0.046702
-0.044717
-0.042766
-0.040818
-0.038887
-0.036928
-0.034983
-0.033067
-0.031148
-0.029216
-0.027243
-0.025259
-0.023276
-0.021346
-0.019414
-0.017468
-0.015499
-0.013539
-0.011595
-0.009679
-0.007746
-0.005742
-0.003821
-0.001862
0.000053
0.002005
0.003908
0.005884
0.007839
0.009786
0.011713
0.013633
0.015582
0.017505
0.019427
0.021347
0.023248
0.025150
0.027080
0.029007
0.030915
0.032859
0.034832
0.036756
0.038657
0.040572
0.042508
0.044443
0.046396
0.048280
0.050146
0.052042
0.054030
0.055942
0.057854
0.059784
0.061693
0.063642
0.065543
0.067444
0.069366
0.071242
0.073148
0.075074
0.076993
0.078908
0.080825
0.082758
0.084669
0.086550
0.088443
0.090323
0.092233
0.094157
0.096092
0.097989
0.099903
0.101835
0.103742
0.105636
0.107513
0.109384
0.111304
0.113206
0.115103
0.117011
0.118909
0.120798
0.122685
0.124580
0.126470
0.128325
0.130257
0.132132
0.134064
0.135883
0.137761
0.139651
0.141490
0.143323
0.145187
0.147060
0.148911
0.150770
0.152647
0.154506
0.156375
0.158225
0.160119
0.161973
0.163905
0.165793
0.167697
0.169528
0.171374
0.173193
0.175032
0.176913
0.178789
0.180632
0.182474
0.184329
0.186128
0.187965
0.189815
0.191654
0.193482
0.195351
0.197199
0.199033
0.200869
0.202711
0.204575
0.206449
0.208292
0.210123
0.211967
0.213815
0.215644
0.217451
0.219279
0.221138
0.222986
0.224808
0.226622
0.228445
0.230322
0.232221
0.234077
0.235931
0.237725
0.239511
0.241328
0.243129
0.244929
0.246749
0.248569
0.250379
0.252223
0.254070
0.255907
0.257761
0.259637
0.261444
0.263260
0.265065
0.266867
0.268674
0.270482
0.272334
0.274135
0.275921
0.277760
0.279580
0.281420
0.283272
0.285122
0.286969
0.288799
0.290624
0.292478
0.294325
0.296107
0.297879
0.299696
0.301510
0.303333
0.305172
0.306975
0.308771
0.310589
0.312386
0.314238
0.316040
0.317809
0.319598
0.321381
0.323189
0.324978
0.326752
0.328537
0.330316
0.332151
0.333944
0.335735
0.337479
0.339241
0.341023
0.342805
0.344587
0.346397
0.348235
0.350044
0.351797
0.353582
0.355337
0.357086
0.358836
0.360592
0.362369
0.364168
0.366005
0.367706
0.369469
0.371230
0.372995
0.374792
0.376615
0.378427
0.380223
0.382010
0.383699
0.385436
0.387194
0.388926
0.390665
0.392461
0.394245
0.395994
0.397741
0.399534
0.401296
0.403057
0.404820
0.406577
0.408333
0.410084
0.411800
0.413574
0.415349
0.417138
0.418911
0.420651
0.422389
0.424157
0.425903
0.427671
0.429472
0.431238
0.432995
0.434758
0.436510
0.438238
0.439991
0.441741
0.443423
0.445114
0.446855
0.448610
0.450316
0.452030
0.453820
0.455582
0.457310
0.459069
0.460840
0.462582
0.464301
0.466023
0.467784
0.469519
0.471278
0.473044
0.474773
0.476487
0.478256
0.479947
0.481681
0.483422
0.485138
0.486865
0.488607
0.490336
0.492071
0.493762
0.495480
0.497189
0.498888
0.500576
0.502263
0.503994
0.505717
0.507447
0.509181
0.510907
0.512628
0.514356
0.516073
0.517804
0.519511
0.521214
0.522920
0.524636
0.526358
0.528070
0.529802
0.531495
0.533176
0.534863
0.536559
0.538257
0.539959
0.541700
0.543396
0.545090
0.546777
0.548470
0.550213
0.551909
0.553637
0.555355
0.557056
0.558747
0.560441
0.562145
0.563845
0.565533
0.567209
0.568891
0.570587
0.572291
0.573982
0.575729
0.577403
0.579082
0.580786
0.582491
0.584168
0.585854
0.587505
0.589174
0.590864
0.592569
0.594285
0.595993
0.597685
0.599396
0.601098
0.602837
0.604589
0.606270
0.607946
0.609593
0.611268
0.612952
0.614628
0.616288
0.617938
0.619617
0.621258
0.622901
0.624579
0.626292
0.627967
0.629580
0.631225
0.632877
0.634545
0.636243
0.637859
0.639499
0.641145
0.642778
0.644410
0.646088
0.647722
0.649379
0.651049
0.652722
0.654401
0.656111
0.657777
0.659432
0.661092
0.662758
0.664428
0.666101
0.667748
0.669366
0.670993
0.672630
0.674267
0.675893
0.677524
0.679136
0.680777
0.682459
0.684131
0.685761
0.687434
0.689104
0.690768
0.692420
0.694038
0.695650
0.697292
0.698965
0.700631
0.702258
0.703889
0.705536
0.707170
0.708808
0.710451
0.712090
0.713727
0.715401
0.717067
0.718695
0.720294
0.721944
0.723584
0.725206
0.726822
0.728449
0.730103
0.731705
0.733350
0.734987
0.736610
0.738235
0.739899
0.741528
0.743159
0.744794
0.746416
0.747998
0.749648
0.751339
0.753003
0.754626
0.756232
0.757894
0.759524
0.761146
0.762737
0.764310
0.765944
0.767618
0.769251
0.770889
0.772534
0.774169
0.775805
0.777413
0.779023
0.780644
0.782274
0.783898
0.785512
0.787105
0.788700
0.790320
0.791988
0.793642
0.795269
0.796889
0.798505
0.800112
0.801762
0.803366
0.804968
0.806575
0.808188
0.809812
0.811434
0.813063
0.814689
0.816303
0.817898
0.819482
0.821096
0.822697
0.824272
0.825883
0.827501
0.829095
0.830675
0.832261
0.833896
0.835497
0.837101
0.838715
0.840335
0.841925
0.843519
0.845099
0.846699
0.848320
0.849894
0.851473
0.853080
0.854692
0.856294
0.857906
0.859483
0.861069
0.862661
0.864254
0.865843
0.867409
0.868964
0.870524
0.872098
0.873663
0.875242
0.876811
0.878371
0.879936
0.881518
0.883085
0.884651
0.886222
0.887774
0.889347
0.890937
0.892545
0.894164
0.895723
0.897302
0.898885
0.900448
0.901965
0.903519
0.905113
0.906698
0.908251
0.909822
0.911416
0.912986
0.914542
0.916098
0.917602
0.919163
0.920739
0.922303
0.923844
0.925389
0.926935
0.928479
0.930018
0.931628
0.933208
0.934782
0.936350
0.937889
0.939456
0.941005
0.942564
0.944156
0.945715
0.947282
0.948858
0.950431
0.951987
0.953614
0.955205
0.956781
0.958351
0.959911
0.961477
0.963021
0.964545
0.966056
0.967597
0.969140
0.970654
0.972138
0.973699
0.975269
0.976833
0.978377
0.979883
0.981450
0.983008
0.984549
0.986073
0.987580
0.989139
0.990710
0.992268
0.993808
0.995362
0.996897
0.998430
1.000000
