1024
-0.997892
-0.995783
-0.993744
-0.991634
-0.989585
-0.987533
-0.985437
-0.983323
-0.981254
-0.979187
-0.977101
-0.975044
-0.973000
-0.970944
-0.968886
-0.966838
-0.964760
-0.962670
-0.960553
-0.958484
-0.956371
-0.954286
-0.952219
-0.950134
-0.947995
-0.945925
-0.943850
-0.941813
-0.939811
-0.937634
-0.935578
-0.933553
-0.931481
-0.929383
-0.927301
-0.925223
-0.923117
-0.921039
-0.918960
-0.916887
-0.914772
-0.912667
-0.910634
-0.908599
-0.906555
-0.904481
-0.902401
-0.900354
-0.898277
-0.896199
-0.894136
-0.892086
-0.889977
-0.887939
-0.885845
-0.883795
-0.881679
-0.879582
-0.877500
-0.875382
-0.873323
-0.871287
-0.869246
-0.867170
-0.865077
-0.863012
-0.860963
-0.858925
-0.856867
-0.854802
-0.852723
-0.850683
-0.848630
-0.846572
-0.844534
-0.842489
-0.840430
-0.838361
-0.836244
-0.834134
-0.832080
-0.830067
-0.828003
-0.826002
-0.823891
-0.821858
-0.819793
-0.817679
-0.815606
-0.813517
-0.811421
-0.809370
-0.807277
-0.805204
-0.803153
-0.801035
-0.798914
-0.796850
-0.794852
-0.792838
-0.790758
-0.788656
-0.786639
-0.784657
-0.782669
-0.780609
-0.778538
-0.776486
-0.774463
-0.772399
-0.770391
-0.768338
-0.766287
-0.764201
-0.762137
-0.760065
-0.757943
-0.755875
-0.753792
-0.751766
-0.749695
-0.747673
-0.745558
-0.743449
-0.741383
-0.739363
-0.737320
-0.735294
-0.733279
-0.731211
-0.729138
-0.727113
-0.725119
-0.723078
-0.721039
-0.718982
-0.716908
-0.714887
-0.712884
-0.710864
-0.708834
-0.706792
-0.704764
-0.702714
-0.700671
-0.698633
-0.696609
-0.694581
-0.692528
-0.690516
-0.688439
-0.686396
-0.684335
-0.682293
-0.680233
-0.678208
-0.676130
-0.674136
-0.672134
-0.670129
-0.668101
-0.665975
-0.663942
-0.661892
-0.659805
-0.657754
-0.655756
-0.653772
-0.651837
-0.649759
-0.647628
-0.645581
-0.643610
-0.641611
-0.639605
-0.637589
-0.635549
-0.633495
-0.631438
-0.629370
-0.627291
-0.625275
-0.623304
-0.621302
-0.619288
-0.617244
-0.615201
-0.613140
-0.611096
-0.609062
-0.607026
-0.605002
-0.602954
-0.600932
-0.598944
-0.596967
-0.595021
-0.593060
-0.591055
-0.589022
-0.586961
-0.584919
-0.582876
-0.580847
-0.578789
-0.576738
-0.574749
-0.572755
-0.570730
-0.568722
-0.566697
-0.564657
-0.562625
-0.560594
-0.558608
-0.556593
-0.554584
-0.552599
-0.550579
-0.548526
-0.546521
-0.544531
-0.542558
-0.540500
-0.538424
-0.536395
-0.534346
-0.532305
-0.530276
-0.528216
-0.526190
-0.524200
-0.522131
-0.520098
-0.518119
-0.516164
-0.514125
-0.512101
-0.510129
-0.508102
-0.506173
-0.504129
-0.502140
-0.500139
-0.498101
-0.496049
-0.494034
-0.491990
-0.489901
-0.487873
-0.485851
-0.483908
-0.481934
-0.479918
-0.477901
-0.475938
-0.474005
-0.471990
-0.470019
-0.467995
-0.466026
-0.464016
-0.461970
-0.459964
-0.457983
-0.456005
-0.453987
-0.451913
-0.449887
-0.447909
-0.445945
-0.443975
-0.441886
-0.439884
-0.437822
-0.435796
-0.433768
-0.431835
-0.429859
-0.427837
-0.425778
-0.423794
-0.421764
-0.419725
-0.417688
-0.415679
-0.413635
-0.411611
-0.409630
-0.407650
-0.405610
-0.403624
-0.401664
-0.399705
-0.397750
-0.395753
-0.393711
-0.391715
-0.389731
-0.387720
-0.385674
-0.383696
-0.381682
-0.379649
-0.377725
-0.375773
-0.373798
-0.371818
-0.369816
-0.367879
-0.365886
-0.363899
-0.361894
-0.359936
-0.357929
-0.355944
-0.353922
-0.351970
-0.349933
-0.347943
-0.345928
-0.343900
-0.341944
-0.340035
-0.338122
-0.336168
-0.334193
-0.332183
-0.330262
-0.328251
-0.326189
-0.324152
-0.322164
-0.320151
-0.318128
-0.316147
-0.314122
-0.312156
-0.310161
-0.308199
-0.306244
-0.304227
-0.302234
-0.300271
-0.298329
-0.296328
-0.294360
-0.292347
-0.290359
-0.288406
-0.286423
-0.284492
-0.282577
-0.280558
-0.278523
-0.276571
-0.274604
-0.272587
-0.270586
-0.268637
-0.266670
-0.264678
-0.262709
-0.260773
-0.258856
-0.256917
-0.254954
-0.252984
-0.251001
-0.249017
-0.247034
-0.245068
-0.243123
-0.241159
-0.239182
-0.237215
-0.235215
-0.233185
-0.231189
-0.229227
-0.227266
-0.225309
-0.223323
-0.221320
-0.219360
-0.217425
-0.215461
-0.213475
-0.211495
-0.209551
-0.207575
-0.205614
-0.203590
-0.201650
-0.199708
-0.197801
-0.195859
-0.193860
-0.191880
-0.189924
-0.187932
-0.185978
-0.184008
-0.181968
-0.179986
-0.178027
-0.176017
-0.174016
-0.172060
-0.170041
-0.168088
-0.166071
-0.164084
-0.162109
-0.160116
-0.158100
-0.156131
-0.154103
-0.152168
-0.150222
-0.148287
-0.146317
-0.144359
-0.142384
-0.140382
-0.138436
-0.136493
-0.134521
-0.132563
-0.130538
-0.128557
-0.126578
-0.124599
-0.122646
-0.120694
-0.118756
-0.116795
-0.114804
-0.112856
-0.110894
-0.108918
-0.106954
-0.104986
-0.103037
-0.101091
-0.099124
-0.097133
-0.095130
-0.093133
-0.091142
-0.089169
-0.087207
-0.085259
-0.083309
-0.081332
-0.079381
-0.077439
-0.075459
-0.073528
-0.071529
-0.069626
-0.067660
-0.065614
-0.063612
-0.061614
-0.059650
-0.057651
-0.055711
-0.053680
-0.051620
-0.049647
-0.047712
-0.045749
-0.043875
-0.041901
-0.039970
-0.038029
-0.036035
-0.034009
-0.032041
-0.030035
-0.028113
-0.026205
-0.024233
-0.022196
-0.020238
-0.018307
-0.016319
-0.014336
-0.012271
-0.010269
-0.008190
-0.006206
-0.004231
-0.002298
-0.000376
0.001535
0.003433
0.005327
0.007283
0.009232
0.011164
0.013129
0.015065
0.017005
0.018982
0.020955
0.022940
0.024940
0.026915
0.028882
0.030881
0.032879
0.034882
0.036899
0.038875
0.040863
0.042877
0.044881
0.046908
0.048875
0.050841
0.052813
0.054775
0.056754
0.058722
0.060677
0.062616
0.064541
0.066502
0.068473
0.070452
0.072444
0.074432
0.076411
0.078362
0.080349
0.082328
0.084274
0.086240
0.088201
0.090166
0.092138
0.094068
0.096015
0.097969
0.099918
0.101906
0.103927
0.105988
0.107943
0.109882
0.111889
0.113811
0.115737
0.117660
0.119614
0.121530
0.123456
0.125440
0.127420
0.129398
0.131391
0.133344
0.135250
0.137163
0.139141
0.141139
0.143094
0.145052
0.147008
0.148954
0.150927
0.152919
0.154912
0.156893
0.158861
0.160780
0.162658
0.164609
0.166581
0.168501
0.170465
0.172414
0.174356
0.176295
0.178235
0.180156
0.182091
0.184042
0.186012
0.188001
0.189995
0.191966
0.193925
0.195878
0.197791
0.199773
0.201742
0.203733
0.205756
0.207700
0.209616
0.211600
0.213539
0.215476
0.217389
0.219282
0.221195
0.223131
0.225100
0.227038
0.228963
0.230898
0.232827
0.234825
0.236858
0.238823
0.240793
0.242823
0.244827
0.246800
0.248757
0.250724
0.252685
0.254571
0.256503
0.258507
0.260479
0.262434
0.264419
0.266415
0.268387
0.270305
0.272254
0.274218
0.276245
0.278204
0.280131
0.282167
0.284105
0.286021
0.287996
0.289954
0.291889
0.293806
0.295727
0.297646
0.299629
0.301555
0.303532
0.305522
0.307455
0.309476
0.311408
0.313319
0.315251
0.317255
0.319220
0.321203
0.323219
0.325177
0.327091
0.329044
0.331005
0.332944
0.334911
0.336868
0.338793
0.340736
0.342688
0.344644
0.346614
0.348544
0.350492
0.352402
0.354348
0.356349
0.358291
0.360283
0.362229
0.364192
0.366118
0.368036
0.370017
0.372012
0.374002
0.375919
0.377929
0.379920
0.381894
0.383814
0.385781
0.387682
0.389634
0.391642
0.393684
0.395602
0.397565
0.399487
0.401411
0.403327
0.405245
0.407141
0.409015
0.410944
0.412971
0.414976
0.416939
0.418910
0.420881
0.422847
0.424782
0.426715
0.428644
0.430562
0.432481
0.434402
0.436354
0.438293
0.440181
0.442046
0.443929
0.445849
0.447805
0.449785
0.451774
0.453715
0.455596
0.457530
0.459455
0.461376
0.463289
0.465166
0.467048
0.468958
0.470911
0.472892
0.474845
0.476813
0.478760
0.480656
0.482638
0.484594
0.486540
0.488464
0.490457
0.492424
0.494376
0.496325
0.498240
0.500171
0.502167
0.504104
0.506060
0.507968
0.509788
0.511704
0.513627
0.515538
0.517466
0.519401
0.521366
0.523288
0.525162
0.527056
0.529012
0.530960
0.532922
0.534900
0.536815
0.538723
0.540631
0.542546
0.544461
0.546373
0.548293
0.550199
0.552168
0.554068
0.555995
0.557945
0.559887
0.561847
0.563782
0.565666
0.567564
0.569504
0.571457
0.573408
0.575340
0.577284
0.579206
0.581139
0.583086
0.585059
0.587021
0.588953
0.590908
0.592879
0.594846
0.596803
0.598758
0.600730
0.602678
0.604628
0.606590
0.608507
0.610388
0.612267
0.614207
0.616100
0.618047
0.619989
0.621937
0.623889
0.625882
0.627859
0.629783
0.631618
0.633523
0.635449
0.637346
0.639263
0.641183
0.643125
0.645101
0.647048
0.648971
0.650902
0.652834
0.654746
0.656670
0.658633
0.660552
0.662496
0.664446
0.666427
0.668362
0.670286
0.672254
0.674190
0.676111
0.678087
0.680011
0.681962
0.683890
0.685829
0.687798
0.689757
0.691734
0.693652
0.695620
0.697559
0.699514
0.701471
0.703402
0.705349
0.707282
0.709214
0.711128
0.713051
0.714999
0.716971
0.718921
0.720862
0.722844
0.724785
0.726701
0.728635
0.730539
0.732474
0.734424
0.736334
0.738277
0.740266
0.742221
0.744216
0.746125
0.748065
0.749976
0.751861
0.753783
0.755718
0.757641
0.759567
0.761496
0.763431
0.765361
0.767264
0.769200
0.771149
0.773048
0.774935
0.776882
0.778834
0.780756
0.782694
0.784604
0.786515
0.788429
0.790351
0.792277
0.794124
0.796036
0.797927
0.799847
0.801800
0.803671
0.805551
0.807413
0.809306
0.811228
0.813119
0.815008
0.816930
0.818853
0.820760
0.822662
0.824528
0.826358
0.828238
0.830160
0.832041
0.833912
0.835805
0.837715
0.839626
0.841454
0.843285
0.845123
0.846933
0.848742
0.850584
0.852418
0.854231
0.856052
0.857916
0.859780
0.861596
0.863461
0.865326
0.867178
0.869030
0.870884
0.872700
0.874465
0.876254
0.878116
0.879943
0.881689
0.883495
0.885305
0.887079
0.888845
0.890623
0.892408
0.894197
0.895993
0.897773
0.899515
0.901265
0.903002
0.904749
0.906518
0.908266
0.910011
0.911778
0.913548
0.915305
0.917081
0.918853
0.920596
0.922320
0.924026
0.925736
0.927421
0.929106
0.930797
0.932475
0.934124
0.935795
0.937446
0.939093
0.940749
0.942401
0.944002
0.945644
0.947233
0.948803
0.950373
0.951958
0.953554
0.955148
0.956753
0.958355
0.959898
0.961480
0.963061
0.964621
0.966155
0.967704
0.969267
0.970814
0.972340
0.973850
0.975354
0.976858
0.978372
0.979915
0.981433
0.982908
0.984363
0.985830
0.987293
0.988729
0.990145
0.991584
0.993008
0.994433
0.995874
0.997253
0.998627
1.000000
