1024
-0.997862
-0.995728
-0.993634
-0.991484
-0.989315
-0.987099
-0.984930
-0.982772
-0.980667
-0.978524
-0.976357
-0.974174
-0.972011
-0.969794
-0.967629
-0.965479
-0.963306
-0.961141
-0.958986
-0.956752
-0.954538
-0.952372
-0.950212
-0.948024
-0.945903
-0.943713
-0.941516
-0.939291
-0.937107
-0.934933
-0.932807
-0.930724
-0.928567
-0.926415
-0.924266
-0.922130
-0.919926
-0.917785
-0.915664
-0.913520
-0.911352
-0.909183
-0.907022
-0.904875
-0.902715
-0.900538
-0.898331
-0.896147
-0.893969
-0.891864
-0.889686
-0.887584
-0.885451
-0.883330
-0.881175
-0.878967
-0.876796
-0.874596
-0.872431
-0.870322
-0.868152
-0.866005
-0.863849
-0.861711
-0.859527
-0.857339
-0.855209
-0.853058
-0.850948
-0.848821
-0.846663
-0.844518
-0.842369
-0.840231
-0.838082
-0.835953
-0.833875
-0.831766
-0.829648
-0.827533
-0.825388
-0.823280
-0.821138
-0.819075
-0.816957
-0.814807
-0.812641
-0.810505
-0.808335
-0.806201
-0.804103
-0.802000
-0.799802
-0.797665
-0.795621
-0.793455
-0.791317
-0.789212
-0.787043
-0.784879
-0.782731
-0.780614
-0.778465
-0.776320
-0.774164
-0.772018
-0.769884
-0.767811
-0.765705
-0.763625
-0.761465
-0.759225
-0.757085
-0.754922
-0.752788
-0.750658
-0.748567
-0.746420
-0.744311
-0.742239
-0.740153
-0.738047
-0.735952
-0.733841
-0.731721
-0.729602
-0.727445
-0.725280
-0.723096
-0.721011
-0.718886
-0.716726
-0.714606
-0.712507
-0.710379
-0.708282
-0.706193
-0.704121
-0.701949
-0.699879
-0.697819
-0.695749
-0.693605
-0.691429
-0.689286
-0.687148
-0.685096
-0.683036
-0.680975
-0.678918
-0.676853
-0.674739
-0.672605
-0.670529
-0.668436
-0.666279
-0.664231
-0.662109
-0.660096
-0.657970
-0.655863
-0.653863
-0.651744
-0.649667
-0.647591
-0.645401
-0.643257
-0.641189
-0.639165
-0.637142
-0.635078
-0.632959
-0.630870
-0.628814
-0.626725
-0.624616
-0.622504
-0.620408
-0.618344
-0.616292
-0.614161
-0.612083
-0.610069
-0.607954
-0.605899
-0.603845
-0.601743
-0.599702
-0.597619
-0.595509
-0.593383
-0.591274
-0.589150
-0.587060
-0.584977
-0.582926
-0.580824
-0.578702
-0.576577
-0.574478
-0.572393
-0.570316
-0.568229
-0.566153
-0.564078
-0.561984
-0.559864
-0.557828
-0.555732
-0.553682
-0.551583
-0.549507
-0.547395
-0.545277
-0.543163
-0.541092
-0.539039
-0.536955
-0.534922
-0.532902
-0.530821
-0.528722
-0.526644
-0.524522
-0.522431
-0.520378
-0.518282
-0.516207
-0.514143
-0.512121
-0.510127
-0.508083
-0.506073
-0.504021
-0.501910
-0.499845
-0.497793
-0.495679
-0.493594
-0.491515
-0.489427
-0.487333
-0.485229
-0.483163
-0.481103
-0.479043
-0.477007
-0.474939
-0.472915
-0.470922
-0.468887
-0.466804
-0.464703
-0.462612
-0.460583
-0.458583
-0.456571
-0.454579
-0.452578
-0.450547
-0.448522
-0.446517
-0.444512
-0.442491
-0.440475
-0.438404
-0.436309
-0.434247
-0.432256
-0.430223
-0.428217
-0.426096
-0.424019
-0.421970
-0.419930
-0.417919
-0.415839
-0.413824
-0.411799
-0.409693
-0.407677
-0.405643
-0.403584
-0.401535
-0.399501
-0.397431
-0.395388
-0.393386
-0.391368
-0.389376
-0.387345
-0.385339
-0.383303
-0.381267
-0.379234
-0.377175
-0.375125
-0.373089
-0.371123
-0.369138
-0.367107
-0.365102
-0.363075
-0.361014
-0.358964
-0.356975
-0.355026
-0.352995
-0.350940
-0.348945
-0.346941
-0.344905
-0.342826
-0.340777
-0.338848
-0.336887
-0.334937
-0.332939
-0.330904
-0.328895
-0.326889
-0.324909
-0.322929
-0.320908
-0.318867
-0.316829
-0.314811
-0.312789
-0.310783
-0.308701
-0.306638
-0.304616
-0.302545
-0.300488
-0.298409
-0.296359
-0.294324
-0.292267
-0.290269
-0.288284
-0.286238
-0.284222
-0.282141
-0.280075
-0.278077
-0.276103
-0.274087
-0.272103
-0.270117
-0.268046
-0.265994
-0.263935
-0.261918
-0.259945
-0.257931
-0.255926
-0.253947
-0.251980
-0.250039
-0.247986
-0.245982
-0.243900
-0.241885
-0.239785
-0.237743
-0.235756
-0.233727
-0.231763
-0.229804
-0.227741
-0.225686
-0.223661
-0.221718
-0.219742
-0.217654
-0.215672
-0.213687
-0.211752
-0.209703
-0.207661
-0.205633
-0.203644
-0.201634
-0.199596
-0.197606
-0.195606
-0.193587
-0.191534
-0.189540
-0.187537
-0.185573
-0.183557
-0.181530
-0.179504
-0.177492
-0.175502
-0.173482
-0.171442
-0.169476
-0.167553
-0.165491
-0.163460
-0.161460
-0.159454
-0.157425
-0.155401
-0.153385
-0.151414
-0.149436
-0.147432
-0.145467
-0.143494
-0.141553
-0.139604
-0.137614
-0.135646
-0.133681
-0.131698
-0.129682
-0.127690
-0.125758
-0.123764
-0.121800
-0.119795
-0.117838
-0.115773
-0.113769
-0.111801
-0.109872
-0.107841
-0.105905
-0.103912
-0.101930
-0.099964
-0.097948
-0.095974
-0.094050
-0.092015
-0.090016
-0.088033
-0.086098
-0.084108
-0.082054
-0.080107
-0.078142
-0.076172
-0.074160
-0.072161
-0.070239
-0.068265
-0.066280
-0.064298
-0.062327
-0.060348
-0.058370
-0.056408
-0.054407
-0.052383
-0.050394
-0.048434
-0.046465
-0.044464
-0.042471
-0.040488
-0.038528
-0.036579
-0.034581
-0.032595
-0.030629
-0.028683
-0.026731
-0.024770
-0.022813
-0.020821
-0.018808
-0.016808
-0.014856
-0.012880
-0.010903
-0.008939
-0.006962
-0.004961
-0.002965
-0.001043
0.000876
0.002832
0.004773
0.006725
0.008658
0.010589
0.012563
0.014544
0.016499
0.018472
0.020440
0.022419
0.024329
0.026249
0.028221
0.030190
0.032127
0.034061
0.036025
0.037950
0.039854
0.041785
0.043715
0.045636
0.047522
0.049433
0.051453
0.053410
0.055333
0.057292
0.059214
0.061152
0.063171
0.065181
0.067137
0.069085
0.071042
0.072986
0.074904
0.076861
0.078851
0.080766
0.082656
0.084558
0.086472
0.088464
0.090382
0.092298
0.094193
0.096146
0.098095
0.100037
0.102031
0.103985
0.105916
0.107835
0.109798
0.111717
0.113621
0.115527
0.117464
0.119405
0.121375
0.123319
0.125238
0.127155
0.129084
0.131028
0.132925
0.134815
0.136779
0.138749
0.140671
0.142555
0.144566
0.146560
0.148506
0.150438
0.152308
0.154277
0.156187
0.158089
0.159937
0.161862
0.163732
0.165594
0.167526
0.169445
0.171352
0.173220
0.175169
0.177184
0.179128
0.181045
0.182981
0.184908
0.186828
0.188750
0.190659
0.192566
0.194514
0.196507
0.198508
0.200426
0.202343
0.204267
0.206188
0.208072
0.209969
0.211915
0.213803
0.215713
0.217609
0.219529
0.221443
0.223342
0.225241
0.227157
0.229106
0.231049
0.232980
0.234924
0.236835
0.238714
0.240629
0.242556
0.244457
0.246311
0.248291
0.250195
0.252149
0.253971
0.255878
0.257781
0.259686
0.261606
0.263532
0.265456
0.267390
0.269321
0.271270
0.273219
0.275145
0.277041
0.278934
0.280842
0.282733
0.284637
0.286595
0.288504
0.290410
0.292304
0.294219
0.296136
0.297978
0.299932
0.301799
0.303702
0.305640
0.307569
0.309505
0.311394
0.313331
0.315225
0.317101
0.318992
0.320868
0.322724
0.324595
0.326505
0.328413
0.330271
0.332197
0.334062
0.335966
0.337856
0.339729
0.341662
0.343520
0.345412
0.347297
0.349164
0.351073
0.352990
0.354898
0.356817
0.358715
0.360599
0.362489
0.364384
0.366299
0.368234
0.370122
0.372044
0.373874
0.375758
0.377681
0.379634
0.381543
0.383391
0.385265
0.387160
0.389061
0.390947
0.392812
0.394698
0.396582
0.398425
0.400365
0.402248
0.404225
0.406147
0.407977
0.409825
0.411681
0.413558
0.415469
0.417350
0.419221
0.421113
0.422985
0.424839
0.426720
0.428615
0.430492
0.432334
0.434163
0.436067
0.437895
0.439733
0.441615
0.443534
0.445449
0.447327
0.449203
0.451147
0.453100
0.454994
0.456876
0.458779
0.460669
0.462546
0.464464
0.466389
0.468313
0.470258
0.472151
0.473975
0.475805
0.477662
0.479504
0.481319
0.483179
0.485039
0.486886
0.488736
0.490589
0.492476
0.494357
0.496223
0.498008
0.499887
0.501742
0.503627
0.505511
0.507378
0.509243
0.511117
0.512979
0.514840
0.516723
0.518610
0.520492
0.522392
0.524276
0.526140
0.527949
0.529804
0.531649
0.533471
0.535327
0.537186
0.538996
0.540830
0.542728
0.544609
0.546487
0.548392
0.550262
0.552136
0.553985
0.555798
0.557680
0.559595
0.561465
0.563360
0.565243
0.567111
0.568978
0.570856
0.572749
0.574643
0.576537
0.578434
0.580315
0.582198
0.584076
0.585941
0.587781
0.589606
0.591416
0.593193
0.595006
0.596856
0.598688
0.600505
0.602344
0.604228
0.606104
0.607945
0.609872
0.611697
0.613541
0.615392
0.617257
0.619102
0.620912
0.622755
0.624674
0.626577
0.628431
0.630254
0.632055
0.633833
0.635742
0.637593
0.639426
0.641258
0.643131
0.644999
0.646831
0.648677
0.650552
0.652396
0.654235
0.656067
0.657867
0.659701
0.661599
0.663494
0.665363
0.667226
0.669063
0.670879
0.672697
0.674534
0.676394
0.678267
0.680171
0.682011
0.683837
0.685682
0.687477
0.689290
0.691117
0.692903
0.694687
0.696510
0.698286
0.700127
0.701937
0.703768
0.705546
0.707349
0.709173
0.711009
0.712839
0.714653
0.716478
0.718340
0.720148
0.721931
0.723770
0.725609
0.727384
0.729209
0.731021
0.732823
0.734658
0.736489
0.738308
0.740088
0.741884
0.743700
0.745558
0.747361
0.749169
0.751006
0.752833
0.754629
0.756416
0.758227
0.760082
0.761881
0.763725
0.765556
0.767401
0.769257
0.771091
0.772926
0.774764
0.776591
0.778428
0.780238
0.782058
0.783794
0.785583
0.787397
0.789193
0.790975
0.792781
0.794603
0.796385
0.798192
0.800007
0.801867
0.803729
0.805538
0.807306
0.809033
0.810806
0.812654
0.814454
0.816174
0.818004
0.819795
0.821561
0.823346
0.825114
0.826910
0.828723
0.830502
0.832290
0.834093
0.835889
0.837655
0.839469
0.841248
0.843025
0.844821
0.846603
0.848357
0.850139
0.851917
0.853711
0.855461
0.857194
0.858910
0.860654
0.862452
0.864216
0.865995
0.867751
0.869527
0.871309
0.873110
0.874885
0.876620
0.878365
0.880165
0.881869
0.883677
0.885486
0.887278
0.889034
0.890785
0.892556
0.894318
0.896045
0.897806
0.899603
0.901372
0.903159
0.904909
0.906623
0.908362
0.910126
0.911913
0.913660
0.915378
0.917063
0.918784
0.920552
0.922284
0.924024
0.925769
0.927521
0.929283
0.930996
0.932692
0.934422
0.936149
0.937845
0.939546
0.941257
0.942963
0.944629
0.946257
0.947959
0.949632
0.951344
0.953066
0.954785
0.956504
0.958219
0.959910
0.961579
0.963268
0.964975
0.966690
0.968389
0.970043
0.971742
0.973433
0.975105
0.976771
0.978437
0.980096
0.981777
0.983496
0.985178
0.986845
0.988495
0.990102
0.991766
0.993402
0.995041
0.996685
0.998334
1.000000
