1024
-0.997709
-0.995409
-0.993125
-0.990822
-0.988524
-0.986244
-0.984010
-0.981732
-0.979459
-0.977196
-0.974931
-0.972649
-0.970372
-0.968108
-0.965793
-0.963484
-0.961173
-0.958925
-0.956661
-0.954371
-0.952098
-0.949813
-0.947546
-0.945242
-0.942956
-0.940687
-0.938430
-0.936164
-0.933908
-0.931671
-0.929416
-0.927188
-0.924951
-0.922665
-0.920408
-0.918194
-0.915914
-0.913693
-0.911420
-0.909164
-0.906932
-0.904711
-0.902459
-0.900223
-0.898011
-0.895772
-0.893541
-0.891289
-0.889015
-0.886753
-0.884481
-0.882243
-0.880029
-0.877752
-0.875524
-0.873275
-0.871026
-0.868775
-0.866547
-0.864330
-0.862097
-0.859867
-0.857644
-0.855434
-0.853220
-0.851015
-0.848788
-0.846532
-0.844320
-0.842097
-0.839861
-0.837636
-0.835396
-0.833165
-0.830942
-0.828727
-0.826525
-0.824309
-0.822081
-0.819844
-0.817593
-0.815372
-0.813168
-0.810977
-0.808767
-0.806569
-0.804399
-0.802212
-0.800013
-0.797802
-0.795599
-0.793400
-0.791186
-0.788987
-0.786773
-0.784567
-0.782375
-0.780185
-0.777993
-0.775764
-0.773566
-0.771356
-0.769156
-0.766958
-0.764779
-0.762596
-0.760410
-0.758197
-0.756000
-0.753769
-0.751569
-0.749378
-0.747190
-0.744986
-0.742801
-0.740611
-0.738424
-0.736220
-0.733982
-0.731807
-0.729554
-0.727332
-0.725124
-0.722953
-0.720791
-0.718590
-0.716379
-0.714188
-0.712008
-0.709786
-0.707616
-0.705439
-0.703281
-0.701111
-0.698930
-0.696730
-0.694560
-0.692412
-0.690249
-0.688088
-0.685880
-0.683682
-0.681518
-0.679321
-0.677140
-0.674982
-0.672796
-0.670599
-0.668395
-0.666242
-0.664091
-0.661883
-0.659741
-0.657561
-0.655369
-0.653232
-0.651117
-0.648964
-0.646810
-0.644674
-0.642514
-0.640347
-0.638178
-0.636015
-0.633840
-0.631663
-0.629515
-0.627385
-0.625235
-0.623058
-0.620908
-0.618751
-0.616594
-0.614439
-0.612282
-0.610142
-0.607967
-0.605817
-0.603652
-0.601493
-0.599363
-0.597214
-0.595071
-0.592938
-0.590811
-0.588678
-0.586567
-0.584450
-0.582353
-0.580214
-0.578112
-0.576022
-0.573878
-0.571770
-0.569643
-0.567493
-0.565355
-0.563212
-0.561080
-0.558930
-0.556757
-0.554625
-0.552511
-0.550390
-0.548244
-0.546128
-0.544010
-0.541915
-0.539776
-0.537679
-0.535579
-0.533443
-0.531333
-0.529244
-0.527137
-0.525040
-0.522953
-0.520851
-0.518741
-0.516610
-0.514475
-0.512389
-0.510299
-0.508184
-0.506068
-0.503958
-0.501823
-0.499707
-0.497601
-0.495519
-0.493451
-0.491351
-0.489234
-0.487139
-0.485016
-0.482905
-0.480808
-0.478716
-0.476615
-0.474518
-0.472411
-0.470337
-0.468222
-0.466157
-0.464034
-0.461956
-0.459843
-0.457747
-0.455625
-0.453549
-0.451467
-0.449376
-0.447261
-0.445156
-0.443054
-0.440964
-0.438879
-0.436776
-0.434676
-0.432579
-0.430475
-0.428406
-0.426359
-0.424288
-0.422210
-0.420086
-0.418007
-0.415896
-0.413835
-0.411753
-0.409673
-0.407577
-0.405523
-0.403459
-0.401382
-0.399304
-0.397218
-0.395130
-0.393043
-0.390952
-0.388860
-0.386802
-0.384751
-0.382696
-0.380669
-0.378625
-0.376564
-0.374501
-0.372438
-0.370313
-0.368252
-0.366178
-0.364133
-0.362053
-0.360011
-0.357915
-0.355857
-0.353816
-0.351769
-0.349671
-0.347583
-0.345527
-0.343470
-0.341403
-0.339359
-0.337323
-0.335287
-0.333254
-0.331202
-0.329165
-0.327153
-0.325137
-0.323076
-0.321004
-0.318950
-0.316900
-0.314877
-0.312858
-0.310812
-0.308767
-0.306740
-0.304691
-0.302605
-0.300539
-0.298499
-0.296459
-0.294445
-0.292389
-0.290361
-0.288340
-0.286300
-0.284271
-0.282221
-0.280137
-0.278113
-0.276085
-0.274089
-0.272028
-0.270013
-0.268004
-0.265969
-0.263934
-0.261899
-0.259864
-0.257823
-0.255778
-0.253744
-0.251720
-0.249738
-0.247691
-0.245673
-0.243632
-0.241584
-0.239533
-0.237500
-0.235492
-0.233490
-0.231477
-0.229496
-0.227493
-0.225453
-0.223442
-0.221407
-0.219364
-0.217343
-0.215336
-0.213315
-0.211253
-0.209238
-0.207206
-0.205183
-0.203145
-0.201114
-0.199107
-0.197112
-0.195132
-0.193131
-0.191116
-0.189121
-0.187118
-0.185090
-0.183070
-0.181067
-0.179076
-0.177078
-0.175073
-0.173069
-0.171074
-0.169080
-0.167057
-0.165049
-0.163041
-0.161032
-0.159042
-0.157050
-0.155066
-0.153091
-0.151080
-0.149039
-0.147040
-0.145069
-0.143092
-0.141108
-0.139127
-0.137169
-0.135202
-0.133214
-0.131235
-0.129247
-0.127239
-0.125242
-0.123271
-0.121303
-0.119321
-0.117341
-0.115345
-0.113366
-0.111368
-0.109384
-0.107423
-0.105457
-0.103473
-0.101507
-0.099524
-0.097547
-0.095567
-0.093594
-0.091590
-0.089597
-0.087628
-0.085658
-0.083667
-0.081672
-0.079718
-0.077738
-0.075741
-0.073726
-0.071777
-0.069809
-0.067858
-0.065908
-0.063933
-0.061990
-0.060052
-0.058080
-0.056094
-0.054139
-0.052156
-0.050195
-0.048221
-0.046250
-0.044259
-0.042315
-0.040337
-0.038385
-0.036404
-0.034443
-0.032471
-0.030482
-0.028477
-0.026523
-0.024580
-0.022615
-0.020673
-0.018747
-0.016799
-0.014839
-0.012892
-0.010938
-0.008984
-0.007030
-0.005071
-0.003105
-0.001141
0.000791
0.002723
0.004652
0.006582
0.008508
0.010430
0.012387
0.014339
0.016285
0.018242
0.020196
0.022131
0.024106
0.026027
0.027935
0.029879
0.031814
0.033745
0.035699
0.037633
0.039566
0.041504
0.043427
0.045385
0.047333
0.049262
0.051204
0.053142
0.055080
0.057031
0.058967
0.060895
0.062838
0.064774
0.066708
0.068662
0.070590
0.072510
0.074438
0.076362
0.078315
0.080219
0.082125
0.084097
0.086050
0.087981
0.089940
0.091872
0.093786
0.095690
0.097630
0.099557
0.101460
0.103371
0.105310
0.107243
0.109177
0.111109
0.113029
0.114964
0.116906
0.118817
0.120714
0.122638
0.124576
0.126489
0.128402
0.130334
0.132282
0.134187
0.136081
0.138023
0.139922
0.141834
0.143715
0.145620
0.147535
0.149462
0.151362
0.153286
0.155221
0.157147
0.159071
0.161002
0.162904
0.164786
0.166702
0.168634
0.170542
0.172411
0.174312
0.176211
0.178128
0.180082
0.182018
0.183942
0.185844
0.187748
0.189678
0.191561
0.193460
0.195372
0.197268
0.199154
0.201060
0.202977
0.204873
0.206764
0.208672
0.210585
0.212510
0.214408
0.216319
0.218198
0.220070
0.221993
0.223894
0.225838
0.227699
0.229590
0.231498
0.233371
0.235257
0.237144
0.238999
0.240855
0.242734
0.244614
0.246494
0.248356
0.250278
0.252191
0.254104
0.255982
0.257868
0.259749
0.261639
0.263523
0.265423
0.267322
0.269204
0.271091
0.272999
0.274896
0.276772
0.278653
0.280528
0.282406
0.284304
0.286206
0.288117
0.290004
0.291935
0.293823
0.295710
0.297600
0.299474
0.301347
0.303204
0.305055
0.306920
0.308798
0.310679
0.312559
0.314424
0.316293
0.318181
0.320043
0.321915
0.323781
0.325647
0.327533
0.329427
0.331304
0.333192
0.335060
0.336912
0.338775
0.340642
0.342508
0.344359
0.346219
0.348059
0.349900
0.351767
0.353588
0.355445
0.357328
0.359176
0.361025
0.362886
0.364741
0.366603
0.368464
0.370316
0.372160
0.374013
0.375850
0.377730
0.379609
0.381465
0.383332
0.385216
0.387088
0.388937
0.390778
0.392623
0.394471
0.396313
0.398183
0.400014
0.401844
0.403717
0.405542
0.407367
0.409194
0.411043
0.412907
0.414745
0.416569
0.418428
0.420273
0.422138
0.423939
0.425738
0.427570
0.429393
0.431219
0.433038
0.434851
0.436667
0.438488
0.440320
0.442142
0.443954
0.445798
0.447642
0.449472
0.451282
0.453107
0.454936
0.456762
0.458598
0.460427
0.462261
0.464094
0.465931
0.467762
0.469561
0.471378
0.473190
0.475003
0.476820
0.478634
0.480459
0.482302
0.484119
0.485941
0.487745
0.489552
0.491385
0.493220
0.495046
0.496880
0.498701
0.500496
0.502313
0.504103
0.505947
0.507782
0.509580
0.511387
0.513202
0.515042
0.516873
0.518678
0.520488
0.522312
0.524127
0.525930
0.527750
0.529556
0.531364
0.533146
0.534931
0.536737
0.538538
0.540319
0.542139
0.543973
0.545768
0.547543
0.549343
0.551150
0.552945
0.554749
0.556574
0.558383
0.560188
0.561992
0.563802
0.565596
0.567396
0.569230
0.571051
0.572846
0.574634
0.576423
0.578223
0.580032
0.581807
0.583592
0.585378
0.587170
0.588964
0.590753
0.592534
0.594315
0.596109
0.597873
0.599669
0.601444
0.603230
0.605029
0.606821
0.608601
0.610380
0.612174
0.613959
0.615738
0.617518
0.619334
0.621148
0.622952
0.624740
0.626510
0.628280
0.630075
0.631854
0.633665
0.635475
0.637272
0.639056
0.640845
0.642639
0.644423
0.646217
0.647996
0.649781
0.651561
0.653332
0.655102
0.656872
0.658638
0.660396
0.662154
0.663966
0.665720
0.667499
0.669290
0.671072
0.672841
0.674616
0.676404
0.678165
0.679908
0.681670
0.683438
0.685224
0.687004
0.688769
0.690531
0.692302
0.694080
0.695851
0.697615
0.699378
0.701143
0.702903
0.704667
0.706443
0.708219
0.709979
0.711771
0.713545
0.715320
0.717096
0.718869
0.720642
0.722419
0.724186
0.725974
0.727743
0.729514
0.731275
0.733034
0.734814
0.736596
0.738335
0.740084
0.741799
0.743535
0.745278
0.747028
0.748789
0.750551
0.752305
0.754101
0.755889
0.757614
0.759344
0.761093
0.762843
0.764581
0.766322
0.768099
0.769867
0.771620
0.773395
0.775155
0.776907
0.778667
0.780426
0.782159
0.783895
0.785644
0.787430
0.789205
0.790962
0.792716
0.794467
0.796192
0.797950
0.799693
0.801445
0.803203
0.804953
0.806695
0.808436
0.810176
0.811921
0.813652
0.815405
0.817157
0.818910
0.820658
0.822397
0.824157
0.825896
0.827625
0.829356
0.831086
0.832824
0.834560
0.836271
0.838001
0.839729
0.841450
0.843188
0.844937
0.846680
0.848408
0.850131
0.851871
0.853631
0.855367
0.857100
0.858825
0.860544
0.862278
0.864003
0.865745
0.867470
0.869195
0.870928
0.872675
0.874431
0.876181
0.877913
0.879640
0.881374
0.883097
0.884820
0.886545
0.888259
0.889987
0.891708
0.893433
0.895187
0.896930
0.898649
0.900356
0.902048
0.903783
0.905527
0.907258
0.908981
0.910702
0.912421
0.914136
0.915879
0.917624
0.919350
0.921073
0.922792
0.924513
0.926248
0.927968
0.929673
0.931390
0.933108
0.934826
0.936542
0.938249
0.939951
0.941675
0.943410
0.945138
0.946848
0.948551
0.950272
0.951984
0.953721
0.955443
0.957175
0.958902
0.960614
0.962330
0.964068
0.965783
0.967494
0.969199
0.970901
0.972605
0.974316
0.976026
0.977748
0.979449
0.981175
0.982898
0.984616
0.986344
0.988051
0.989756
0.991443
0.993124
0.994828
0.996556
0.998281
1.000000
