256
0.049750
0.049819
0.049842
0.049868
0.049941
0.049965
0.050031
0.050049
0.050066
0.050086
0.050108
0.050173
0.050195
0.050261
0.050284
0.050303
0.050321
0.050384
0.050406
0.050471
0.050493
0.050514
0.050536
0.050601
0.050618
0.050636
0.050699
0.050720
0.050788
0.050813
0.050887
0.050916
0.050943
0.051007
0.051027
0.051096
0.051168
0.051189
0.051255
0.051276
0.051297
0.051362
0.051383
0.051450
0.051518
0.051547
0.051575
0.051602
0.051671
0.051738
0.051757
0.051777
0.051846
0.051914
0.051933
0.051953
0.052018
0.052039
0.052149
0.052216
0.052237
0.052258
0.052324
0.052347
0.052416
0.052484
0.052504
0.052567
0.052584
0.052600
0.052663
0.052687
0.052799
0.052825
0.052889
0.052909
0.052975
0.052999
0.053064
0.053085
0.053195
0.053218
0.053283
0.053304
0.053367
0.053387
0.053494
0.053514
0.053579
0.053604
0.053716
0.053740
0.053807
0.053828
0.053936
0.053957
0.054019
0.054037
0.054142
0.054170
0.054283
0.054306
0.054379
0.054499
0.054527
0.054644
0.054717
0.054743
0.054852
0.054870
0.054975
0.054995
0.055015
0.055126
0.055237
0.055254
0.055272
0.055382
0.055406
0.055517
0.055630
0.055658
0.055770
0.055791
0.055899
0.055919
0.056025
0.056043
0.056060
0.056170
0.056194
0.056357
0.056476
0.056594
0.056623
0.056777
0.056797
0.056904
0.056924
0.057075
0.057090
0.057105
0.057253
0.057269
0.057286
0.057392
0.057412
0.057564
0.057585
0.057736
0.057755
0.057906
0.057927
0.058079
0.058107
0.058263
0.058284
0.058440
0.058467
0.058622
0.058820
0.058835
0.058850
0.058997
0.059013
0.059028
0.059221
0.059241
0.059392
0.059413
0.059610
0.059634
0.059833
0.059857
0.060058
0.060084
0.060285
0.060485
0.060505
0.060525
0.060722
0.060744
0.060982
0.061001
0.061198
0.061220
0.061467
0.061713
0.061734
0.061974
0.061994
0.062277
0.062302
0.062547
0.062576
0.062858
0.062875
0.063157
0.063185
0.063475
0.063763
0.063780
0.063797
0.064127
0.064464
0.064491
0.064863
0.064881
0.064898
0.065226
0.065249
0.065662
0.065681
0.066055
0.066474
0.066494
0.066513
0.066975
0.067439
0.067459
0.067480
0.067948
0.068495
0.068511
0.068527
0.069073
0.069095
0.069685
0.069706
0.070383
0.070403
0.071078
0.071096
0.071858
0.071880
0.072689
0.072709
0.073648
0.073674
0.074706
0.074730
0.075933
0.075954
0.077288
0.077310
0.078949
0.078968
0.080956
0.080974
0.080993
0.083552
0.087162
0.087187
0.093378
0.093397
0.093416
