256
0.000035
0.000071
0.000106
0.000141
0.000176
0.000212
0.000249
0.000285
0.000322
0.000358
0.000395
0.000431
0.000468
0.000505
0.000542
0.000579
0.000616
0.000654
0.000692
0.000729
0.000767
0.000804
0.000842
0.000881
0.000919
0.000958
0.000997
0.001036
0.001076
0.001116
0.001155
0.001195
0.001235
0.001275
0.001315
0.001357
0.001398
0.001438
0.001479
0.001520
0.001561
0.001602
0.001644
0.001686
0.001729
0.001771
0.001815
0.001859
0.001902
0.001946
0.001990
0.002034
0.002078
0.002122
0.002166
0.002211
0.002255
0.002299
0.002344
0.002390
0.002437
0.002482
0.002527
0.002575
0.002622
0.002670
0.002717
0.002764
0.002812
0.002860
0.002908
0.002957
0.003006
0.003055
0.003105
0.003155
0.003204
0.003254
0.003305
0.003356
0.003408
0.003460
0.003512
0.003563
0.003615
0.003668
0.003722
0.003774
0.003826
0.003880
0.003934
0.003990
0.004045
0.004099
0.004155
0.004211
0.004267
0.004323
0.004380
0.004438
0.004497
0.004555
0.004614
0.004672
0.004732
0.004793
0.004853
0.004914
0.004975
0.005035
0.005096
0.005158
0.005221
0.005284
0.005346
0.005410
0.005474
0.005539
0.005602
0.005669
0.005736
0.005804
0.005871
0.005939
0.006007
0.006076
0.006147
0.006217
0.006288
0.006361
0.006432
0.006504
0.006578
0.006652
0.006724
0.006800
0.006877
0.006953
0.007028
0.007105
0.007181
0.007258
0.007337
0.007417
0.007498
0.007579
0.007660
0.007743
0.007827
0.007911
0.007995
0.008081
0.008169
0.008256
0.008345
0.008434
0.008523
0.008614
0.008704
0.008799
0.008892
0.008984
0.009079
0.009177
0.009273
0.009371
0.009473
0.009574
0.009675
0.009778
0.009882
0.009986
0.010091
0.010201
0.010309
0.010423
0.010538
0.010654
0.010766
0.010884
0.011005
0.011128
0.011253
0.011380
0.011504
0.011632
0.011759
0.011888
0.012018
0.012155
0.012292
0.012434
0.012574
0.012717
0.012862
0.013011
0.013158
0.013309
0.013465
0.013629
0.013795
0.013961
0.014130
0.014302
0.014474
0.014655
0.014832
0.015013
0.015204
0.015399
0.015597
0.015800
0.016008
0.016216
0.016431
0.016653
0.016878
0.017110
0.017343
0.017587
0.017839
0.018091
0.018359
0.018637
0.018915
0.019216
0.019518
0.019844
0.020170
0.020515
0.020867
0.021240
0.021623
0.022030
0.022445
0.022881
0.023340
0.023834
0.024344
0.024876
0.025460
0.026089
0.026763
0.027510
0.028298
0.029157
0.030079
0.031149
0.032321
0.033651
0.035330
0.037319
0.039904
0.043550
0.049679
0.093416
