256
0.000021
0.000041
0.000062
0.000083
0.000104
0.000126
0.000147
0.000168
0.000189
0.000211
0.000232
0.000254
0.000276
0.000298
0.000320
0.000342
0.000363
0.000385
0.000407
0.000429
0.000451
0.000473
0.000496
0.000518
0.000541
0.000564
0.000587
0.000610
0.000633
0.000656
0.000679
0.000702
0.000726
0.000750
0.000773
0.000797
0.000821
0.000845
0.000869
0.000894
0.000918
0.000943
0.000967
0.000992
0.001017
0.001042
0.001067
0.001092
0.001118
0.001144
0.001170
0.001195
0.001221
0.001247
0.001273
0.001300
0.001326
0.001352
0.001378
0.001405
0.001432
0.001459
0.001486
0.001513
0.001540
0.001568
0.001596
0.001624
0.001652
0.001680
0.001709
0.001737
0.001766
0.001795
0.001824
0.001852
0.001882
0.001912
0.001941
0.001971
0.002002
0.002032
0.002062
0.002092
0.002122
0.002153
0.002185
0.002216
0.002247
0.002279
0.002310
0.002342
0.002374
0.002407
0.002439
0.002472
0.002505
0.002539
0.002572
0.002605
0.002639
0.002673
0.002708
0.002743
0.002777
0.002812
0.002846
0.002882
0.002917
0.002953
0.002989
0.003025
0.003061
0.003098
0.003135
0.003173
0.003211
0.003250
0.003288
0.003327
0.003366
0.003405
0.003445
0.003485
0.003525
0.003565
0.003606
0.003647
0.003689
0.003731
0.003772
0.003815
0.003858
0.003901
0.003946
0.003990
0.004034
0.004079
0.004124
0.004169
0.004215
0.004261
0.004308
0.004355
0.004402
0.004450
0.004498
0.004546
0.004595
0.004645
0.004695
0.004745
0.004796
0.004847
0.004899
0.004951
0.005005
0.005058
0.005113
0.005167
0.005223
0.005278
0.005335
0.005392
0.005449
0.005507
0.005566
0.005627
0.005687
0.005748
0.005811
0.005873
0.005935
0.005999
0.006064
0.006130
0.006197
0.006264
0.006332
0.006401
0.006471
0.006542
0.006614
0.006687
0.006760
0.006835
0.006912
0.006988
0.007066
0.007145
0.007226
0.007309
0.007393
0.007477
0.007564
0.007651
0.007740
0.007830
0.007920
0.008013
0.008109
0.008204
0.008300
0.008401
0.008503
0.008608
0.008713
0.008821
0.008933
0.009048
0.009163
0.009281
0.009402
0.009526
0.009652
0.009783
0.009917
0.010053
0.010192
0.010339
0.010487
0.010639
0.010794
0.010958
0.011126
0.011300
0.011476
0.011662
0.011852
0.012051
0.012259
0.012472
0.012693
0.012925
0.013172
0.013428
0.013702
0.013988
0.014290
0.014611
0.014948
0.015317
0.015705
0.016132
0.016590
0.017090
0.017653
0.018278
0.018993
0.019808
0.020772
0.021952
0.023465
0.025618
0.029262
0.054809
