256
0.029323
0.029334
0.029346
0.029361
0.029400
0.029413
0.029450
0.029462
0.029473
0.029485
0.029523
0.029536
0.029575
0.029590
0.029603
0.029615
0.029652
0.029663
0.029700
0.029712
0.029751
0.029766
0.029780
0.029793
0.029831
0.029844
0.029883
0.029898
0.029936
0.029948
0.029986
0.030001
0.030040
0.030053
0.030066
0.030078
0.030115
0.030125
0.030162
0.030175
0.030213
0.030226
0.030266
0.030280
0.030319
0.030331
0.030368
0.030379
0.030416
0.030430
0.030469
0.030483
0.030521
0.030531
0.030568
0.030580
0.030617
0.030628
0.030639
0.030702
0.030714
0.030750
0.030762
0.030799
0.030812
0.030850
0.030861
0.030898
0.030913
0.030953
0.030967
0.031030
0.031042
0.031081
0.031097
0.031135
0.031147
0.031212
0.031225
0.031262
0.031273
0.031310
0.031322
0.031386
0.031399
0.031437
0.031451
0.031516
0.031530
0.031568
0.031579
0.031641
0.031654
0.031692
0.031705
0.031768
0.031780
0.031818
0.031829
0.031841
0.031906
0.031971
0.031985
0.032050
0.032061
0.032098
0.032111
0.032175
0.032186
0.032197
0.032260
0.032274
0.032339
0.032353
0.032420
0.032485
0.032498
0.032561
0.032572
0.032634
0.032648
0.032713
0.032727
0.032791
0.032805
0.032869
0.032880
0.032968
0.032980
0.033043
0.033053
0.033063
0.033125
0.033139
0.033228
0.033241
0.033305
0.033319
0.033410
0.033423
0.033487
0.033500
0.033591
0.033683
0.033694
0.033706
0.033771
0.033862
0.033874
0.033886
0.033974
0.033986
0.034075
0.034087
0.034175
0.034186
0.034275
0.034287
0.034403
0.034418
0.034507
0.034519
0.034610
0.034625
0.034742
0.034859
0.034872
0.034962
0.034974
0.035088
0.035101
0.035216
0.035226
0.035236
0.035350
0.035364
0.035505
0.035518
0.035635
0.035752
0.035765
0.035906
0.035921
0.036062
0.036074
0.036214
0.036227
0.036368
0.036381
0.036520
0.036531
0.036542
0.036707
0.036720
0.036887
0.037055
0.037068
0.037233
0.037245
0.037257
0.037425
0.037617
0.037629
0.037640
0.037831
0.037843
0.038059
0.038070
0.038260
0.038271
0.038512
0.038524
0.038535
0.038752
0.038764
0.039007
0.039021
0.039285
0.039295
0.039561
0.039576
0.039871
0.039883
0.040176
0.040189
0.040533
0.040546
0.040890
0.040902
0.041271
0.041282
0.041293
0.041714
0.041727
0.042175
0.042650
0.042660
0.042671
0.043221
0.043236
0.043834
0.043844
0.044544
0.044556
0.045362
0.045378
0.046313
0.047478
0.047492
0.049013
0.049024
0.051131
0.051143
0.051154
0.054795
0.054809
