256
0.000020
0.000040
0.000060
0.000081
0.000101
0.000121
0.000142
0.000162
0.000183
0.000204
0.000224
0.000245
0.000266
0.000287
0.000308
0.000329
0.000351
0.000372
0.000394
0.000416
0.000438
0.000459
0.000481
0.000503
0.000525
0.000547
0.000570
0.000592
0.000615
0.000637
0.000660
0.000683
0.000706
0.000729
0.000752
0.000775
0.000799
0.000822
0.000846
0.000870
0.000894
0.000917
0.000941
0.000965
0.000989
0.001014
0.001038
0.001063
0.001087
0.001112
0.001137
0.001162
0.001188
0.001213
0.001238
0.001264
0.001289
0.001315
0.001341
0.001368
0.001394
0.001420
0.001446
0.001473
0.001499
0.001527
0.001554
0.001581
0.001608
0.001636
0.001663
0.001691
0.001719
0.001747
0.001776
0.001804
0.001833
0.001862
0.001891
0.001921
0.001950
0.001979
0.002009
0.002039
0.002069
0.002099
0.002129
0.002159
0.002190
0.002221
0.002252
0.002283
0.002314
0.002345
0.002377
0.002409
0.002441
0.002474
0.002506
0.002539
0.002572
0.002605
0.002638
0.002671
0.002705
0.002739
0.002773
0.002808
0.002842
0.002877
0.002912
0.002948
0.002983
0.003019
0.003055
0.003092
0.003129
0.003166
0.003203
0.003241
0.003278
0.003316
0.003355
0.003394
0.003432
0.003472
0.003512
0.003552
0.003592
0.003633
0.003675
0.003715
0.003757
0.003799
0.003841
0.003883
0.003927
0.003970
0.004014
0.004058
0.004103
0.004148
0.004193
0.004238
0.004285
0.004331
0.004378
0.004425
0.004473
0.004522
0.004570
0.004619
0.004668
0.004718
0.004769
0.004820
0.004872
0.004923
0.004976
0.005029
0.005082
0.005136
0.005190
0.005245
0.005301
0.005358
0.005416
0.005474
0.005532
0.005592
0.005651
0.005712
0.005773
0.005834
0.005897
0.005961
0.006024
0.006089
0.006156
0.006223
0.006290
0.006358
0.006428
0.006498
0.006569
0.006643
0.006715
0.006789
0.006866
0.006943
0.007022
0.007102
0.007182
0.007263
0.007346
0.007431
0.007518
0.007606
0.007696
0.007785
0.007880
0.007974
0.008070
0.008168
0.008267
0.008369
0.008472
0.008577
0.008686
0.008795
0.008906
0.009021
0.009139
0.009260
0.009384
0.009513
0.009642
0.009775
0.009913
0.010056
0.010199
0.010349
0.010502
0.010659
0.010822
0.010990
0.011162
0.011343
0.011530
0.011725
0.011927
0.012137
0.012355
0.012585
0.012822
0.013071
0.013335
0.013612
0.013909
0.014217
0.014548
0.014898
0.015274
0.015682
0.016136
0.016623
0.017164
0.017760
0.018448
0.019229
0.020152
0.021298
0.022790
0.024873
0.028434
0.053237
