256
0.028472
0.028510
0.028524
0.028537
0.028550
0.028586
0.028597
0.028607
0.028643
0.028655
0.028668
0.028682
0.028719
0.028757
0.028772
0.028810
0.028823
0.028835
0.028848
0.028885
0.028898
0.028937
0.028950
0.028988
0.029000
0.029038
0.029051
0.029062
0.029073
0.029109
0.029121
0.029158
0.029171
0.029210
0.029224
0.029264
0.029303
0.029313
0.029323
0.029359
0.029371
0.029408
0.029422
0.029458
0.029469
0.029504
0.029515
0.029550
0.029564
0.029601
0.029613
0.029624
0.029663
0.029702
0.029716
0.029754
0.029766
0.029803
0.029815
0.029851
0.029864
0.029901
0.029914
0.029975
0.029987
0.030024
0.030037
0.030074
0.030085
0.030121
0.030134
0.030197
0.030209
0.030246
0.030257
0.030267
0.030305
0.030319
0.030383
0.030422
0.030435
0.030473
0.030484
0.030545
0.030557
0.030594
0.030609
0.030671
0.030683
0.030719
0.030731
0.030792
0.030802
0.030812
0.030848
0.030861
0.030922
0.030933
0.030994
0.031005
0.031042
0.031055
0.031117
0.031128
0.031190
0.031202
0.031264
0.031276
0.031338
0.031350
0.031411
0.031422
0.031433
0.031470
0.031484
0.031544
0.031554
0.031614
0.031625
0.031685
0.031697
0.031783
0.031793
0.031804
0.031865
0.031878
0.031941
0.031954
0.032016
0.032028
0.032090
0.032102
0.032187
0.032199
0.032260
0.032273
0.032360
0.032372
0.032434
0.032445
0.032532
0.032545
0.032632
0.032644
0.032706
0.032718
0.032805
0.032817
0.032903
0.032914
0.033000
0.033011
0.033021
0.033107
0.033119
0.033207
0.033296
0.033308
0.033396
0.033413
0.033525
0.033536
0.033621
0.033632
0.033642
0.033752
0.033764
0.033849
0.033859
0.033970
0.033985
0.034097
0.034110
0.034222
0.034234
0.034348
0.034462
0.034476
0.034614
0.034625
0.034736
0.034749
0.034885
0.034897
0.035032
0.035043
0.035054
0.035190
0.035201
0.035337
0.035349
0.035486
0.035499
0.035660
0.035671
0.035807
0.035820
0.035980
0.035992
0.036176
0.036187
0.036197
0.036357
0.036369
0.036557
0.036745
0.036756
0.036768
0.036954
0.037165
0.037179
0.037391
0.037405
0.037642
0.037654
0.037890
0.037903
0.038164
0.038176
0.038435
0.038446
0.038730
0.038741
0.038751
0.039037
0.039049
0.039357
0.039367
0.039726
0.039739
0.040099
0.040112
0.040523
0.040536
0.040946
0.040959
0.041443
0.041978
0.041993
0.042577
0.042589
0.043270
0.043282
0.044062
0.044074
0.044978
0.044990
0.046119
0.046131
0.046142
0.047618
0.047631
0.049678
0.053213
0.053225
0.053237
