256
0.029193
0.029233
0.029247
0.029262
0.029277
0.029316
0.029329
0.029342
0.029354
0.029393
0.029406
0.029445
0.029458
0.029470
0.029482
0.029521
0.029534
0.029572
0.029584
0.029622
0.029635
0.029649
0.029663
0.029704
0.029744
0.029757
0.029795
0.029807
0.029819
0.029832
0.029844
0.029883
0.029895
0.029934
0.029947
0.029986
0.029998
0.030036
0.030048
0.030087
0.030100
0.030113
0.030126
0.030165
0.030179
0.030217
0.030230
0.030268
0.030281
0.030319
0.030332
0.030371
0.030383
0.030421
0.030433
0.030473
0.030513
0.030526
0.030565
0.030578
0.030617
0.030630
0.030694
0.030708
0.030748
0.030762
0.030801
0.030815
0.030854
0.030867
0.030906
0.030920
0.030958
0.030971
0.031036
0.031050
0.031088
0.031100
0.031138
0.031151
0.031215
0.031229
0.031267
0.031279
0.031317
0.031330
0.031394
0.031407
0.031446
0.031459
0.031523
0.031536
0.031574
0.031586
0.031650
0.031663
0.031702
0.031716
0.031781
0.031795
0.031833
0.031845
0.031910
0.031923
0.031988
0.032028
0.032042
0.032108
0.032122
0.032186
0.032200
0.032264
0.032278
0.032341
0.032354
0.032418
0.032431
0.032495
0.032507
0.032571
0.032584
0.032647
0.032659
0.032722
0.032735
0.032800
0.032813
0.032877
0.032891
0.032956
0.032969
0.033034
0.033047
0.033137
0.033150
0.033214
0.033227
0.033317
0.033331
0.033395
0.033407
0.033496
0.033509
0.033572
0.033585
0.033675
0.033689
0.033778
0.033790
0.033879
0.033891
0.033980
0.033993
0.034082
0.034095
0.034185
0.034198
0.034288
0.034301
0.034391
0.034403
0.034493
0.034505
0.034619
0.034632
0.034722
0.034735
0.034851
0.034862
0.034977
0.034990
0.035106
0.035120
0.035210
0.035223
0.035364
0.035378
0.035493
0.035505
0.035620
0.035633
0.035774
0.035786
0.035901
0.035914
0.036055
0.036067
0.036079
0.036219
0.036231
0.036373
0.036386
0.036529
0.036697
0.036709
0.036721
0.036887
0.036899
0.037067
0.037236
0.037248
0.037415
0.037427
0.037439
0.037630
0.037643
0.037835
0.037847
0.038040
0.038052
0.038270
0.038281
0.038499
0.038513
0.038757
0.038769
0.039014
0.039028
0.039272
0.039284
0.039578
0.039590
0.039859
0.039872
0.040193
0.040206
0.040527
0.040539
0.040887
0.040901
0.041273
0.041286
0.041710
0.041724
0.042173
0.042185
0.042660
0.042672
0.043225
0.043829
0.043843
0.044549
0.044563
0.045346
0.045358
0.046320
0.046333
0.047501
0.047513
0.049014
0.049026
0.051141
0.051154
0.054783
0.054796
0.054809
