256
0.000021
0.000041
0.000062
0.000083
0.000104
0.000125
0.000146
0.000167
0.000189
0.000210
0.000232
0.000253
0.000275
0.000297
0.000318
0.000340
0.000362
0.000384
0.000406
0.000429
0.000451
0.000473
0.000496
0.000519
0.000541
0.000564
0.000587
0.000610
0.000633
0.000656
0.000680
0.000703
0.000726
0.000750
0.000774
0.000798
0.000822
0.000846
0.000870
0.000894
0.000918
0.000943
0.000968
0.000992
0.001018
0.001043
0.001068
0.001093
0.001118
0.001144
0.001170
0.001196
0.001222
0.001248
0.001274
0.001300
0.001327
0.001353
0.001380
0.001406
0.001433
0.001460
0.001488
0.001515
0.001543
0.001570
0.001598
0.001626
0.001654
0.001682
0.001711
0.001739
0.001768
0.001797
0.001826
0.001855
0.001884
0.001913
0.001943
0.001973
0.002004
0.002034
0.002064
0.002095
0.002126
0.002157
0.002188
0.002219
0.002250
0.002282
0.002314
0.002346
0.002378
0.002411
0.002443
0.002476
0.002509
0.002542
0.002576
0.002610
0.002644
0.002677
0.002712
0.002747
0.002781
0.002816
0.002852
0.002887
0.002923
0.002959
0.002995
0.003031
0.003068
0.003105
0.003142
0.003179
0.003217
0.003255
0.003293
0.003332
0.003370
0.003410
0.003449
0.003489
0.003529
0.003569
0.003609
0.003650
0.003691
0.003733
0.003775
0.003817
0.003860
0.003903
0.003946
0.003990
0.004034
0.004078
0.004123
0.004168
0.004214
0.004260
0.004307
0.004354
0.004401
0.004449
0.004497
0.004546
0.004594
0.004644
0.004694
0.004744
0.004795
0.004847
0.004899
0.004952
0.005004
0.005058
0.005112
0.005166
0.005222
0.005278
0.005335
0.005392
0.005449
0.005507
0.005566
0.005626
0.005687
0.005747
0.005809
0.005872
0.005935
0.005998
0.006063
0.006129
0.006195
0.006262
0.006330
0.006399
0.006469
0.006540
0.006611
0.006684
0.006758
0.006833
0.006909
0.006987
0.007065
0.007144
0.007225
0.007307
0.007389
0.007473
0.007559
0.007647
0.007736
0.007826
0.007917
0.008010
0.008106
0.008202
0.008300
0.008400
0.008503
0.008608
0.008715
0.008823
0.008935
0.009049
0.009165
0.009283
0.009403
0.009528
0.009654
0.009784
0.009917
0.010055
0.010196
0.010340
0.010489
0.010641
0.010797
0.010960
0.011130
0.011300
0.011477
0.011661
0.011851
0.012049
0.012256
0.012472
0.012697
0.012930
0.013176
0.013436
0.013705
0.013991
0.014289
0.014607
0.014951
0.015312
0.015705
0.016132
0.016590
0.017096
0.017650
0.018265
0.018965
0.019776
0.020737
0.021904
0.023406
0.025537
0.029153
0.054809
