256
0.028281
0.028292
0.028304
0.028316
0.028352
0.028364
0.028400
0.028412
0.028424
0.028437
0.028476
0.028489
0.028525
0.028536
0.028547
0.028558
0.028594
0.028606
0.028643
0.028656
0.028692
0.028703
0.028714
0.028725
0.028737
0.028775
0.028814
0.028826
0.028863
0.028875
0.028912
0.028930
0.028944
0.028956
0.028992
0.029005
0.029041
0.029052
0.029088
0.029099
0.029136
0.029148
0.029185
0.029196
0.029207
0.029248
0.029286
0.029298
0.029335
0.029346
0.029383
0.029394
0.029430
0.029444
0.029482
0.029494
0.029531
0.029543
0.029580
0.029592
0.029630
0.029644
0.029682
0.029693
0.029754
0.029766
0.029802
0.029816
0.029855
0.029868
0.029905
0.029918
0.029956
0.029971
0.030032
0.030044
0.030080
0.030090
0.030126
0.030138
0.030199
0.030212
0.030248
0.030259
0.030269
0.030306
0.030369
0.030383
0.030422
0.030436
0.030498
0.030510
0.030547
0.030560
0.030622
0.030634
0.030696
0.030708
0.030745
0.030757
0.030819
0.030832
0.030894
0.030906
0.030944
0.030958
0.031018
0.031028
0.031089
0.031102
0.031165
0.031178
0.031241
0.031255
0.031315
0.031325
0.031361
0.031373
0.031458
0.031471
0.031533
0.031546
0.031609
0.031621
0.031683
0.031697
0.031759
0.031771
0.031831
0.031843
0.031929
0.031941
0.032003
0.032016
0.032079
0.032095
0.032180
0.032190
0.032250
0.032261
0.032346
0.032360
0.032447
0.032458
0.032519
0.032530
0.032541
0.032626
0.032637
0.032723
0.032736
0.032824
0.032912
0.032924
0.033011
0.033021
0.033031
0.033116
0.033128
0.033214
0.033226
0.033338
0.033352
0.033438
0.033450
0.033560
0.033571
0.033657
0.033669
0.033781
0.033794
0.033906
0.033917
0.034028
0.034041
0.034153
0.034166
0.034278
0.034292
0.034403
0.034415
0.034548
0.034558
0.034693
0.034706
0.034817
0.034828
0.034964
0.034980
0.035143
0.035158
0.035294
0.035305
0.035440
0.035450
0.035610
0.035622
0.035782
0.035792
0.035951
0.035963
0.036147
0.036157
0.036167
0.036353
0.036368
0.036556
0.036743
0.036754
0.036963
0.036977
0.037188
0.037201
0.037435
0.037446
0.037680
0.037690
0.037700
0.037935
0.037947
0.038230
0.038241
0.038501
0.038515
0.038825
0.038838
0.039146
0.039158
0.039492
0.039876
0.039888
0.040271
0.040283
0.040295
0.040729
0.041211
0.041223
0.041728
0.041740
0.041752
0.042356
0.042368
0.043023
0.043036
0.043814
0.043826
0.044751
0.044763
0.045886
0.045898
0.047343
0.047355
0.049417
0.049430
0.052925
0.052939
