256
0.000020
0.000040
0.000060
0.000081
0.000101
0.000121
0.000141
0.000162
0.000182
0.000203
0.000224
0.000245
0.000266
0.000287
0.000308
0.000329
0.000350
0.000371
0.000392
0.000414
0.000436
0.000457
0.000479
0.000501
0.000523
0.000545
0.000567
0.000589
0.000611
0.000634
0.000656
0.000679
0.000702
0.000725
0.000748
0.000771
0.000794
0.000818
0.000841
0.000864
0.000888
0.000912
0.000936
0.000959
0.000984
0.001008
0.001032
0.001057
0.001082
0.001106
0.001131
0.001156
0.001181
0.001206
0.001231
0.001257
0.001282
0.001308
0.001334
0.001360
0.001386
0.001412
0.001438
0.001465
0.001492
0.001518
0.001545
0.001572
0.001599
0.001627
0.001654
0.001682
0.001710
0.001737
0.001765
0.001794
0.001822
0.001851
0.001880
0.001909
0.001938
0.001968
0.001997
0.002027
0.002056
0.002086
0.002116
0.002146
0.002177
0.002208
0.002239
0.002269
0.002301
0.002332
0.002363
0.002395
0.002426
0.002458
0.002491
0.002524
0.002557
0.002590
0.002623
0.002656
0.002689
0.002723
0.002757
0.002791
0.002826
0.002860
0.002895
0.002930
0.002966
0.003001
0.003037
0.003073
0.003109
0.003146
0.003183
0.003220
0.003258
0.003296
0.003334
0.003373
0.003412
0.003451
0.003490
0.003530
0.003570
0.003610
0.003650
0.003691
0.003733
0.003774
0.003816
0.003858
0.003901
0.003944
0.003987
0.004030
0.004074
0.004118
0.004164
0.004209
0.004255
0.004301
0.004347
0.004393
0.004441
0.004489
0.004537
0.004585
0.004635
0.004685
0.004735
0.004785
0.004836
0.004888
0.004940
0.004993
0.005046
0.005099
0.005154
0.005209
0.005264
0.005320
0.005377
0.005435
0.005493
0.005552
0.005613
0.005673
0.005735
0.005796
0.005860
0.005923
0.005987
0.006052
0.006118
0.006185
0.006253
0.006320
0.006389
0.006460
0.006532
0.006604
0.006677
0.006752
0.006827
0.006904
0.006983
0.007062
0.007145
0.007228
0.007309
0.007394
0.007480
0.007567
0.007655
0.007747
0.007840
0.007932
0.008028
0.008124
0.008222
0.008324
0.008428
0.008533
0.008642
0.008751
0.008864
0.008979
0.009095
0.009216
0.009340
0.009467
0.009597
0.009731
0.009865
0.010004
0.010148
0.010295
0.010448
0.010606
0.010770
0.010937
0.011109
0.011288
0.011475
0.011665
0.011864
0.012069
0.012286
0.012511
0.012750
0.012999
0.013260
0.013534
0.013824
0.014130
0.014456
0.014806
0.015187
0.015594
0.016032
0.016515
0.017055
0.017655
0.018333
0.019125
0.020042
0.021156
0.022609
0.024688
0.028244
0.052939
